"Status","Start Time","Stop Time","Duration in ms","Parent Suite","Suite","Sub Suite","Test Class","Test Method","Name","Description"
"passed","Tue Oct 01 10:19:21 GMT 2024","Tue Oct 01 10:19:21 GMT 2024","0","Util: toAsyncIterator: Filter","","","","","creates an iterator",""
"passed","Tue Oct 01 10:12:19 GMT 2024","Tue Oct 01 10:12:19 GMT 2024","0","shardInfoToPubsubTopics","","","","","should convert content topics to PubsubTopics for autosharding",""
"passed","Tue Oct 01 10:17:58 GMT 2024","Tue Oct 01 10:17:58 GMT 2024","1","Waku Relay, Publish","","","","","Fails to publish duplicate message",""
"passed","Tue Oct 01 10:17:59 GMT 2024","Tue Oct 01 10:17:59 GMT 2024","0","Waku Light Push: Single Node","","","","","Push message with numeric payload",""
"passed","Tue Oct 01 10:18:53 GMT 2024","Tue Oct 01 10:18:53 GMT 2024","0","Waku Filter V2: Subscribe: Multiple Service Nodes: Strict Check mode: true","","","","","Subscribe to topic containing escaped characters and receive message",""
"passed","Tue Oct 01 10:15:07 GMT 2024","Tue Oct 01 10:15:07 GMT 2024","2","Waku Filter V2: FilterPush","","","","","Check received message containing Russian",""
"passed","Tue Oct 01 10:12:35 GMT 2024","Tue Oct 01 10:12:35 GMT 2024","1","selectOpenConnection","","","","","should return no connections if no open connection provided",""
"passed","Tue Oct 01 10:19:04 GMT 2024","Tue Oct 01 10:19:04 GMT 2024","0","Waku Store, error handling","","","","","Query with Promise Callback, Multiple PubsubTopics",""
"passed","Tue Oct 01 10:12:19 GMT 2024","Tue Oct 01 10:12:19 GMT 2024","1","contentTopicToShardIndex","","","","","should correctly map /myapp/1/latest/proto to shard index 0",""
"passed","Tue Oct 01 10:15:07 GMT 2024","Tue Oct 01 10:15:07 GMT 2024","0","Waku Filter V2: FilterPush","","","","","Check received message containing emoji",""
"skipped","Tue Oct 01 10:17:23 GMT 2024","Tue Oct 01 10:17:23 GMT 2024","1","Peer Exchange Query","","","","","connected peers and dial",""
"passed","Tue Oct 01 10:17:12 GMT 2024","Tue Oct 01 10:17:12 GMT 2024","1","Waku Filter V2: FilterPush: Multiple Nodes: Strict Checking: false","","","","","Check received message containing XML",""
"passed","Tue Oct 01 10:12:19 GMT 2024","Tue Oct 01 10:12:19 GMT 2024","1","pubsubTopicToSingleShardInfo with various invalid formats","","","","","should throw an error for non-numeric shard: /waku/2/rs/1/ ",""
"passed","Tue Oct 01 10:17:59 GMT 2024","Tue Oct 01 10:17:59 GMT 2024","0","Waku Light Push: Single Node","","","","","Fails to push message with empty content topic",""
"passed","Tue Oct 01 10:17:20 GMT 2024","Tue Oct 01 10:17:20 GMT 2024","1","Metadata Protocol","connections","","","","different cluster, different shard: nodes don't connect",""
"passed","Tue Oct 01 10:18:53 GMT 2024","Tue Oct 01 10:18:53 GMT 2024","0","Waku Filter V2: Subscribe: Multiple Service Nodes: Strict Check mode: true","","","","","Error when try to subscribe to more than 101 topics (new limit)",""
"passed","Tue Oct 01 10:17:22 GMT 2024","Tue Oct 01 10:17:22 GMT 2024","1","Waku Light Push : Multiple PubsubTopics","","","","","Subscribe and receive messages on 2 different pubsubtopics",""
"passed","Tue Oct 01 10:17:20 GMT 2024","Tue Oct 01 10:17:20 GMT 2024","0","Metadata Protocol","","","","","receiving a ping from a peer does not overwrite shard info",""
"passed","Tue Oct 01 10:18:19 GMT 2024","Tue Oct 01 10:18:19 GMT 2024","0","Waku Light Push: Multiple Nodes: Strict Check: true","","","","","Push message equal or less that 1MB",""
"passed","Tue Oct 01 10:15:29 GMT 2024","Tue Oct 01 10:15:29 GMT 2024","1","Waku Filter V2: Unsubscribe: Multiple Nodes: Strict Checking: true","","","","","Unsubscribe topics the node is not subscribed to",""
"passed","Tue Oct 01 10:19:34 GMT 2024","Tue Oct 01 10:19:34 GMT 2024","1","Wait for remote peer","","","","","Light Node - default protocols",""
"passed","Tue Oct 01 10:18:12 GMT 2024","Tue Oct 01 10:18:12 GMT 2024","1","Waku Relay, Subscribe","","","","","Register correct protocols",""
"passed","Tue Oct 01 10:18:53 GMT 2024","Tue Oct 01 10:18:53 GMT 2024","1","Waku Filter V2: Subscribe: Multiple Service Nodes: Strict Check mode: true","","","","","Subscribe to topic containing numeric and receive message",""
"passed","Tue Oct 01 10:13:53 GMT 2024","Tue Oct 01 10:13:53 GMT 2024","1","Public methods","","","","","removeEventListener with correct event",""
"passed","Tue Oct 01 10:20:39 GMT 2024","Tue Oct 01 10:20:39 GMT 2024","0","Static Sharding: Peer Management","Peer Exchange","","","","px service nodes not subscribed to the shard should not be dialed",""
"passed","Tue Oct 01 10:17:12 GMT 2024","Tue Oct 01 10:17:12 GMT 2024","0","Waku Filter V2: FilterPush: Multiple Nodes: Strict Checking: true","","","","","Check message with no content topic is not received",""
"passed","Tue Oct 01 10:12:19 GMT 2024","Tue Oct 01 10:12:19 GMT 2024","0","contentTopicToPubsubTopic","","","","","should map different content topics to different pubsub topics based on shard index",""
"passed","Tue Oct 01 10:19:04 GMT 2024","Tue Oct 01 10:19:04 GMT 2024","0","Waku Store, error handling","","","","","Query with Ordered Callback, Wrong PubsubTopic",""
"passed","Tue Oct 01 10:12:19 GMT 2024","Tue Oct 01 10:12:19 GMT 2024","0","shardInfoToPubsubTopics","","","","","should return unique PubsubTopics for static sharding",""
"passed","Tue Oct 01 10:14:05 GMT 2024","Tue Oct 01 10:14:05 GMT 2024","1","Waku Filter V2 (Autosharding): Multiple PubsubTopics","","","","","Should fail to subscribe with decoder with wrong pubsubTopic",""
"passed","Tue Oct 01 10:12:19 GMT 2024","Tue Oct 01 10:12:19 GMT 2024","0","pubsubTopicToSingleShardInfo with various invalid formats","","","","","should throw an error for non-numeric clusterId: /waku/2/rs/ /1",""
"passed","Tue Oct 01 10:13:47 GMT 2024","Tue Oct 01 10:13:47 GMT 2024","0","Connection state","","","","","should emit `waku:online` event only when first peer is connected",""
"passed","Tue Oct 01 10:15:45 GMT 2024","Tue Oct 01 10:15:45 GMT 2024","0","Health Manager","Should update the health status for protocols","","","","Filter with 2 connections",""
"passed","Tue Oct 01 10:19:34 GMT 2024","Tue Oct 01 10:19:34 GMT 2024","0","Wait for remote peer","","","","","Store - dialed after - with timeout",""
"passed","Tue Oct 01 10:15:13 GMT 2024","Tue Oct 01 10:15:13 GMT 2024","0","getPeers","getPeers with varying maxBootstrapPeers","maxBootstrapPeers=2","","","numPeers=4 -- returns total 4 peers, with max 2 bootstrap peers",""
"passed","Tue Oct 01 10:12:19 GMT 2024","Tue Oct 01 10:12:19 GMT 2024","0","pubsubTopicToSingleShardInfo with various invalid formats","","","","","should throw an error for non-numeric shard: /waku/2/rs/1/-",""
"passed","Tue Oct 01 10:12:53 GMT 2024","Tue Oct 01 10:12:53 GMT 2024","0","Waku Encryption","","","","","pre and post cipher",""
"passed","Tue Oct 01 10:17:12 GMT 2024","Tue Oct 01 10:17:12 GMT 2024","1","Waku Filter V2: FilterPush: Multiple Nodes: Strict Checking: false","","","","","Check received message containing special chars",""
"passed","Tue Oct 01 10:17:59 GMT 2024","Tue Oct 01 10:17:59 GMT 2024","3","Waku Light Push: Single Node","","","","","Push message with special chars payload",""
"passed","Tue Oct 01 10:18:12 GMT 2024","Tue Oct 01 10:18:12 GMT 2024","6","Waku Relay, Subscribe","","","","","Subscribe to topic containing unicode special characters and publish message",""
"passed","Tue Oct 01 10:18:31 GMT 2024","Tue Oct 01 10:18:31 GMT 2024","1","Autosharding: Running Nodes","Different clusters and topics","","","","random auto sharding 4 - Cluster ID: 10, Content Topic: /app19/10/topic220/xml",""
"passed","Tue Oct 01 10:18:19 GMT 2024","Tue Oct 01 10:18:19 GMT 2024","0","Waku Light Push: Multiple Nodes: Strict Check: true","","","","","Push message with SQL Injection payload",""
"passed","Tue Oct 01 10:17:12 GMT 2024","Tue Oct 01 10:17:12 GMT 2024","0","Waku Filter V2: FilterPush: Multiple Nodes: Strict Checking: true","","","","","Check received message containing SQL Injection",""
"passed","Tue Oct 01 10:19:23 GMT 2024","Tue Oct 01 10:19:23 GMT 2024","0","Waku Store, time filter","","","","","msgTime: -19000 ms from now, startTime: -18990, endTime: -19010",""
"passed","Tue Oct 01 10:17:15 GMT 2024","Tue Oct 01 10:17:15 GMT 2024","0","multiaddr: dialing","does not attempt the same peer discovered multiple times more than once","","","","through manual discovery",""
"passed","Tue Oct 01 10:15:07 GMT 2024","Tue Oct 01 10:15:07 GMT 2024","1","Waku Filter V2: FilterPush","","","","","Check received message containing XML",""
"passed","Tue Oct 01 10:14:05 GMT 2024","Tue Oct 01 10:14:05 GMT 2024","7","Waku Filter V2 (Named sharding): Multiple PubsubTopics","","","","","Subscribe and receive messages on 2 different pubsubtopics",""
"passed","Tue Oct 01 10:12:19 GMT 2024","Tue Oct 01 10:12:19 GMT 2024","0","ensurePubsubTopicIsConfigured","","","","","should not throw an error when the topic is within a list of configured topics",""
"skipped","Tue Oct 01 10:18:12 GMT 2024","Tue Oct 01 10:18:12 GMT 2024","13","Waku Relay, Subscribe","","","","","Overlapping topic subscription",""
"passed","Tue Oct 01 10:18:53 GMT 2024","Tue Oct 01 10:18:53 GMT 2024","0","Waku Filter V2: Subscribe: Multiple Service Nodes: Strict Check mode: true","","","","","Subscribe to topic containing Script and receive message",""
"passed","Tue Oct 01 10:12:27 GMT 2024","Tue Oct 01 10:12:27 GMT 2024","0","Multiaddr from fields","","","","","udp ip6 address",""
"passed","Tue Oct 01 10:12:22 GMT 2024","Tue Oct 01 10:12:22 GMT 2024","1","RFC Test Vectors","","","","","Waku message hash computation (meta size of 12 bytes)",""
"passed","Tue Oct 01 10:13:25 GMT 2024","Tue Oct 01 10:13:25 GMT 2024","0","DNS Discovery: Compliance Test","interface-peer-discovery compliance tests","","","","should not receive a peer event before start",""
"passed","Tue Oct 01 10:17:12 GMT 2024","Tue Oct 01 10:17:12 GMT 2024","0","Waku Filter V2: FilterPush: Multiple Nodes: Strict Checking: false","","","","","Check received message containing short",""
"passed","Tue Oct 01 10:19:25 GMT 2024","Tue Oct 01 10:19:25 GMT 2024","1","User Agent","","","","","Sets default value correctly",""
"passed","Tue Oct 01 10:18:12 GMT 2024","Tue Oct 01 10:18:12 GMT 2024","1","Waku Relay, Subscribe","","","","","Subscribe to topic containing SQL Injection and publish message",""
"skipped","Tue Oct 01 10:18:39 GMT 2024","Tue Oct 01 10:18:39 GMT 2024","0","Peer Exchange","","","","","wrong wakuPeerExchangeDiscovery pubsub topic",""
"passed","Tue Oct 01 10:17:12 GMT 2024","Tue Oct 01 10:17:12 GMT 2024","1","Waku Filter V2: FilterPush: Multiple Nodes: Strict Checking: true","","","","","Check received message with timestamp: 1949153314000 ",""
"passed","Tue Oct 01 10:15:07 GMT 2024","Tue Oct 01 10:15:07 GMT 2024","0","Waku Filter V2: FilterPush","","","","","Check received message containing SQL Injection",""
"passed","Tue Oct 01 10:18:39 GMT 2024","Tue Oct 01 10:18:39 GMT 2024","1","Peer Exchange","","","","","getPeersByDiscovery",""
"passed","Tue Oct 01 10:12:43 GMT 2024","Tue Oct 01 10:12:43 GMT 2024","0","DNS Node Discovery w/ capabilities","","","","","retrieves all peers (2) when cannot fulfill all requirements",""
"passed","Tue Oct 01 10:17:12 GMT 2024","Tue Oct 01 10:17:12 GMT 2024","1","Waku Filter V2: FilterPush: Multiple Nodes: Strict Checking: true","","","","","Check received message containing Script",""
"passed","Tue Oct 01 10:16:58 GMT 2024","Tue Oct 01 10:16:58 GMT 2024","0","Node Health Status Matrix Tests","","","","","LightPush: 0 peers, Filter: 0 peers - Expected: Unhealthy",""
"passed","Tue Oct 01 10:18:54 GMT 2024","Tue Oct 01 10:18:54 GMT 2024","1","Waku Store, cursor","","","","","Passing a valid cursor at 2 index when there are 4 messages",""
"passed","Tue Oct 01 10:14:28 GMT 2024","Tue Oct 01 10:14:28 GMT 2024","0","Waku Filter V2: Unsubscribe","","","","","Unsubscribe 1 topic - node subscribed to 1 topic",""
"passed","Tue Oct 01 10:16:58 GMT 2024","Tue Oct 01 10:16:58 GMT 2024","0","Node Health Status Matrix Tests","","","","","LightPush: 2 peers, Filter: 1 peers - Expected: MinimallyHealthy",""
"passed","Tue Oct 01 10:15:13 GMT 2024","Tue Oct 01 10:15:13 GMT 2024","1","getPeers","getPeers with varying maxBootstrapPeers","maxBootstrapPeers=3","","","numPeers=4 -- returns total 4 peers, with max 3 bootstrap peers",""
"passed","Tue Oct 01 10:12:28 GMT 2024","Tue Oct 01 10:12:28 GMT 2024","0","ENR","Txt codec","","","","should encodeTxt and decodeTxt",""
"passed","Tue Oct 01 10:12:28 GMT 2024","Tue Oct 01 10:12:28 GMT 2024","1","ENR","Static tests","","","","should properly compute the node id",""
"passed","Tue Oct 01 10:18:53 GMT 2024","Tue Oct 01 10:18:53 GMT 2024","1","Waku Filter V2: Subscribe: Multiple Service Nodes: Strict Check mode: false","","","","","Subscribe to topic containing Script and receive message",""
"passed","Tue Oct 01 10:12:19 GMT 2024","Tue Oct 01 10:12:19 GMT 2024","0","ensureShardingConfigured","","","","","should throw an error for missing sharding configuration",""
"passed","Tue Oct 01 10:17:12 GMT 2024","Tue Oct 01 10:17:12 GMT 2024","1","Waku Filter V2: FilterPush: Multiple Nodes: Strict Checking: false","","","","","Check received message containing numeric",""
"passed","Tue Oct 01 10:14:21 GMT 2024","Tue Oct 01 10:14:21 GMT 2024","0","Waku Filter: Peer Management: E2E","","","","","Renews peer on consistent missed messages",""
"passed","Tue Oct 01 10:18:53 GMT 2024","Tue Oct 01 10:18:53 GMT 2024","0","Waku Filter V2: Subscribe: Multiple Service Nodes: Strict Check mode: true","","","","","Subscribe to topic containing XML and receive message",""
"passed","Tue Oct 01 10:18:52 GMT 2024","Tue Oct 01 10:18:52 GMT 2024","3","Peer Exchange","Compliance Test","interface-peer-discovery compliance tests","","","can start and stop the service",""
"passed","Tue Oct 01 10:15:13 GMT 2024","Tue Oct 01 10:15:13 GMT 2024","0","getConnectedPeersForProtocolAndShard","","","","","same cluster, different shard: nodes connect (autosharding)",""
"passed","Tue Oct 01 10:16:54 GMT 2024","Tue Oct 01 10:16:54 GMT 2024","1","Waku Filter V2: Subscribe: Single Service Node","","","","","Subscribe to topic containing JSON and receive message",""
"passed","Tue Oct 01 10:12:43 GMT 2024","Tue Oct 01 10:12:43 GMT 2024","0","Fetch nodes until capabilities are fulfilled","","","","","1 Store, 2 fetches",""
"skipped","Tue Oct 01 10:17:12 GMT 2024","Tue Oct 01 10:17:12 GMT 2024","1","Waku Filter V2: FilterPush: Multiple Nodes: Strict Checking: true","","","","","Check message received after jswaku node is restarted",""
"passed","Tue Oct 01 10:17:59 GMT 2024","Tue Oct 01 10:17:59 GMT 2024","0","Waku Light Push: Single Node","","","","","Push message with emoji payload",""
"passed","Tue Oct 01 10:12:53 GMT 2024","Tue Oct 01 10:12:53 GMT 2024","0","Ensures content topic is defined","","","","","Encoder throws on empty string content topic",""
"passed","Tue Oct 01 10:14:28 GMT 2024","Tue Oct 01 10:14:28 GMT 2024","0","Waku Filter V2: Unsubscribe","","","","","Unsubscribe 2 topics - node subscribed to 2 topics",""
"passed","Tue Oct 01 10:12:28 GMT 2024","Tue Oct 01 10:12:28 GMT 2024","0","ENR","Txt codec","","","","should decode valid enr successfully",""
"passed","Tue Oct 01 10:18:12 GMT 2024","Tue Oct 01 10:18:12 GMT 2024","0","Waku Relay, Subscribe","","","","","Subscribe and publish 10000 messages on the same topic",""
"passed","Tue Oct 01 10:12:35 GMT 2024","Tue Oct 01 10:12:35 GMT 2024","1","filterPeersByDiscovery function","","","","","should return all peers when numPeers is 0",""
"passed","Tue Oct 01 10:13:25 GMT 2024","Tue Oct 01 10:13:25 GMT 2024","0","DNS Discovery: Compliance Test","interface-peer-discovery compliance tests","","","","should not fail to start the service if it is already started",""
"passed","Tue Oct 01 10:16:54 GMT 2024","Tue Oct 01 10:16:54 GMT 2024","2","Waku Filter V2: Subscribe: Single Service Node","","","","","Subscribe and receives messages on 20 topics",""
"passed","Tue Oct 01 10:15:13 GMT 2024","Tue Oct 01 10:15:13 GMT 2024","0","getPeers","getPeers with varying maxBootstrapPeers","maxBootstrapPeers=1","","","numPeers=3 -- returns total 3 peers, with max 1 bootstrap peers",""
"passed","Tue Oct 01 10:12:27 GMT 2024","Tue Oct 01 10:12:27 GMT 2024","1","ENR waku2 codec","Decoding","","","","should be able to decode the field with only RELAY set to true",""
"passed","Tue Oct 01 10:18:12 GMT 2024","Tue Oct 01 10:18:12 GMT 2024","2","Waku Relay, Subscribe","","","","","Subscribe at once to 10000 topics and publish messages",""
"passed","Tue Oct 01 10:17:59 GMT 2024","Tue Oct 01 10:17:59 GMT 2024","0","Waku Light Push: Single Node","","","","","Push message with content topic containing Basic HTML tag",""
"passed","Tue Oct 01 10:19:14 GMT 2024","Tue Oct 01 10:19:14 GMT 2024","0","Waku Store, page size","","","","","Passing page size 0 when there are 110 messages",""
"passed","Tue Oct 01 10:12:27 GMT 2024","Tue Oct 01 10:12:27 GMT 2024","0","ENR multiaddrs codec","","","","","Sample",""
"passed","Tue Oct 01 10:12:34 GMT 2024","Tue Oct 01 10:12:34 GMT 2024","2","to proto message","","","","","Fields are not dropped",""
"passed","Tue Oct 01 10:15:45 GMT 2024","Tue Oct 01 10:15:45 GMT 2024","0","Health Manager","Should update the health status for protocols","","","","Filter with 3 connections",""
"passed","Tue Oct 01 10:19:29 GMT 2024","Tue Oct 01 10:19:29 GMT 2024","0","Waku Store, general","","","","","Query generator for multiple messages with different message text format",""
"passed","Tue Oct 01 10:18:19 GMT 2024","Tue Oct 01 10:18:19 GMT 2024","2","Waku Light Push: Multiple Nodes: Strict Check: true","","","","","Push message with custom timestamp: 1727781329591",""
"passed","Tue Oct 01 10:18:53 GMT 2024","Tue Oct 01 10:18:53 GMT 2024","0","Waku Filter V2: Subscribe: Multiple Service Nodes: Strict Check mode: true","","","","","Subscribe and receive ecies encrypted messages via lightPush",""
"passed","Tue Oct 01 10:17:59 GMT 2024","Tue Oct 01 10:17:59 GMT 2024","0","Waku Light Push: Single Node","","","","","Push message with content topic containing Script",""
"passed","Tue Oct 01 10:17:12 GMT 2024","Tue Oct 01 10:17:12 GMT 2024","1","Waku Filter V2: FilterPush: Multiple Nodes: Strict Checking: false","","","","","Check received message containing escaped characters",""
"passed","Tue Oct 01 10:12:53 GMT 2024","Tue Oct 01 10:12:53 GMT 2024","1","Symmetric Encryption","","","","","Check meta is set [symmetric]",""
"passed","Tue Oct 01 10:15:13 GMT 2024","Tue Oct 01 10:15:13 GMT 2024","1","getPeers","getPeers with varying maxBootstrapPeers","maxBootstrapPeers=5","","","numPeers=0 -- returns all peers including all non-bootstrap with maxBootstrapPeers: 5",""
"passed","Tue Oct 01 10:12:28 GMT 2024","Tue Oct 01 10:12:28 GMT 2024","0","ENR","Location multiaddr","","","","should properly create location multiaddrs - udp",""
"passed","Tue Oct 01 10:17:40 GMT 2024","Tue Oct 01 10:17:40 GMT 2024","0","Waku Relay, Interop","","","","","Js publishes, other Js receives",""
"passed","Tue Oct 01 10:18:54 GMT 2024","Tue Oct 01 10:18:54 GMT 2024","1","Waku Store, cursor","","","","","Passing invalid cursor",""
"passed","Tue Oct 01 10:12:43 GMT 2024","Tue Oct 01 10:12:43 GMT 2024","1","ENRTree","","","","","ENRTree (root): should error if DNS root entry signature is invalid",""
"passed","Tue Oct 01 10:12:19 GMT 2024","Tue Oct 01 10:12:19 GMT 2024","1","shardInfoToPubsubTopics","","","","","should handle clusterId, application and version for autosharding with cluster iD 6",""
"passed","Tue Oct 01 10:17:59 GMT 2024","Tue Oct 01 10:17:59 GMT 2024","0","Waku Light Push: Single Node","","","","","Push message equal or less that 1MB",""
"passed","Tue Oct 01 10:12:19 GMT 2024","Tue Oct 01 10:12:19 GMT 2024","0","Relay Shard codec","","","","","should handle a minimal index list",""
"passed","Tue Oct 01 10:16:54 GMT 2024","Tue Oct 01 10:16:54 GMT 2024","0","Waku Filter V2: Subscribe: Single Service Node","","","","","Subscribe to topic containing Chinese and receive message",""
"passed","Tue Oct 01 10:12:53 GMT 2024","Tue Oct 01 10:12:53 GMT 2024","1","Waku Encryption","","","","","Asymmetric encrypt & decrypt",""
"passed","Tue Oct 01 10:19:23 GMT 2024","Tue Oct 01 10:19:23 GMT 2024","0","Waku Store, time filter","","","","","Timestamp too far from node time: 40000 ms from now",""
"passed","Tue Oct 01 10:12:19 GMT 2024","Tue Oct 01 10:12:19 GMT 2024","1","contentTopicsByPubsubTopic","","","","","groups multiple content topics into the same pubsub topic when they share the same shard index",""
"passed","Tue Oct 01 10:17:12 GMT 2024","Tue Oct 01 10:17:12 GMT 2024","1","Waku Filter V2: FilterPush: Multiple Nodes: Strict Checking: false","","","","","Check received message with timestamp: 1727777593220000000 ",""
"passed","Tue Oct 01 10:18:19 GMT 2024","Tue Oct 01 10:18:19 GMT 2024","2","Waku Light Push: Multiple Nodes: Strict Check: true","","","","","Push message with long payload",""
"passed","Tue Oct 01 10:18:19 GMT 2024","Tue Oct 01 10:18:19 GMT 2024","0","Waku Light Push: Multiple Nodes: Strict Check: true","","","","","Push message with content topic containing XML",""
"passed","Tue Oct 01 10:14:05 GMT 2024","Tue Oct 01 10:14:05 GMT 2024","2","Waku Filter V2 (Autosharding): Multiple PubsubTopics","","","","","Subscribe and receive messages from 2 nwaku nodes each with different pubsubtopics",""
"passed","Tue Oct 01 10:12:43 GMT 2024","Tue Oct 01 10:12:43 GMT 2024","0","DNS Node Discovery","","","","","caches peers it previously fetched",""
"passed","Tue Oct 01 10:17:58 GMT 2024","Tue Oct 01 10:17:58 GMT 2024","0","Waku Relay, Publish","","","","","Check publish message containing short",""
"passed","Tue Oct 01 10:15:07 GMT 2024","Tue Oct 01 10:15:07 GMT 2024","0","Waku Filter V2: FilterPush","","","","","Check received message containing JSON",""
"passed","Tue Oct 01 10:18:19 GMT 2024","Tue Oct 01 10:18:19 GMT 2024","2","Waku Light Push: Multiple Nodes: Strict Check: true","","","","","Push message with short payload",""
"passed","Tue Oct 01 10:17:12 GMT 2024","Tue Oct 01 10:17:12 GMT 2024","1","Waku Filter V2: FilterPush: Multiple Nodes: Strict Checking: false","","","","","Check received message containing long",""
"passed","Tue Oct 01 10:12:28 GMT 2024","Tue Oct 01 10:12:28 GMT 2024","0","ENR","Txt codec","","","","should throw error - no public key",""
"passed","Tue Oct 01 10:16:58 GMT 2024","Tue Oct 01 10:16:58 GMT 2024","0","Node Health Status Matrix Tests","","","","","LightPush: 3 peers, Filter: 3 peers - Expected: SufficientlyHealthy",""
"passed","Tue Oct 01 10:19:23 GMT 2024","Tue Oct 01 10:19:23 GMT 2024","1","Waku Store, time filter","","","","","msgTime: -19000 ms from now, startTime: -19010, endTime: -18990",""
"passed","Tue Oct 01 10:14:21 GMT 2024","Tue Oct 01 10:14:21 GMT 2024","0","Waku Filter: Peer Management: E2E","","","","","Maintains correct number of peers after multiple subscribe/unsubscribe cycles",""
"passed","Tue Oct 01 10:18:54 GMT 2024","Tue Oct 01 10:18:54 GMT 2024","0","Waku Store, cursor","","","","","Reusing cursor across nodes",""
"passed","Tue Oct 01 10:12:28 GMT 2024","Tue Oct 01 10:12:28 GMT 2024","0","ENR","Multiaddr getters and setters","","","","should get / set UDP multiaddr",""
"passed","Tue Oct 01 10:15:13 GMT 2024","Tue Oct 01 10:15:13 GMT 2024","0","getPeers","getPeers with varying maxBootstrapPeers","maxBootstrapPeers=3","","","numPeers=3 -- returns total 3 peers, with max 3 bootstrap peers",""
"passed","Tue Oct 01 10:15:07 GMT 2024","Tue Oct 01 10:15:07 GMT 2024","1","Waku Filter V2: FilterPush","","","","","Check received message containing Basic HTML tag",""
"passed","Tue Oct 01 10:17:12 GMT 2024","Tue Oct 01 10:17:12 GMT 2024","0","Waku Filter V2: FilterPush: Multiple Nodes: Strict Checking: false","","","","","Check received message containing Script",""
"passed","Tue Oct 01 10:12:43 GMT 2024","Tue Oct 01 10:12:43 GMT 2024","1","ENRTree","","","","","ENRTree (root): should parse and verify and DNS root entry",""
"passed","Tue Oct 01 10:17:24 GMT 2024","Tue Oct 01 10:17:24 GMT 2024","1","Waku Relay","","","","","Delete observer",""
"passed","Tue Oct 01 10:12:19 GMT 2024","Tue Oct 01 10:12:19 GMT 2024","0","determinePubsubTopic","","","","","should derive a pubsub topic using contentTopic when SingleShardInfo only contains clusterId",""
"passed","Tue Oct 01 10:18:31 GMT 2024","Tue Oct 01 10:18:31 GMT 2024","1","Autosharding: Running Nodes","Different clusters and topics","","","","random auto sharding 8 - Cluster ID: 10, Content Topic: /app10/2/topic550/proto",""
"passed","Tue Oct 01 10:12:27 GMT 2024","Tue Oct 01 10:12:27 GMT 2024","1","ENR waku2 codec","Encoding","","","","should be able to encode the field with ALL protocols set to true",""
"passed","Tue Oct 01 10:12:55 GMT 2024","Tue Oct 01 10:12:55 GMT 2024","1","Ensures content topic is defined","","","","","Encoder throws on empty string content topic",""
"passed","Tue Oct 01 10:16:58 GMT 2024","Tue Oct 01 10:16:58 GMT 2024","1","Node Health Status Matrix Tests","","","","","LightPush: 1 peers, Filter: 1 peers - Expected: MinimallyHealthy",""
"passed","Tue Oct 01 10:12:28 GMT 2024","Tue Oct 01 10:12:28 GMT 2024","3","ENR","Location multiaddr","","","","should properly create location multiaddrs - udp4",""
"passed","Tue Oct 01 10:12:19 GMT 2024","Tue Oct 01 10:12:19 GMT 2024","0","pubsubTopicToSingleShardInfo with various invalid formats","","","","","should throw an error for invalid PubsubTopic format: /waku/1/rs/1/2",""
"passed","Tue Oct 01 10:18:52 GMT 2024","Tue Oct 01 10:18:52 GMT 2024","6","Peer Exchange","Compliance Test","interface-peer-discovery compliance tests","","","can start the service",""
"passed","Tue Oct 01 10:12:27 GMT 2024","Tue Oct 01 10:12:27 GMT 2024","1","ENR waku2 codec","Encoding","","","","should be able to encode the field with STORE and LIGHTPUSH protocols set to true",""
"passed","Tue Oct 01 10:19:29 GMT 2024","Tue Oct 01 10:19:29 GMT 2024","0","Waku Store, general","","","","","Query generator for multiple messages",""
"passed","Tue Oct 01 10:18:50 GMT 2024","Tue Oct 01 10:18:50 GMT 2024","0","Static Sharding: Running Nodes","Different clusters and shards","","","","random static sharding 1 - Cluster ID: 431, Shard ID: 137",""
"passed","Tue Oct 01 10:12:35 GMT 2024","Tue Oct 01 10:12:35 GMT 2024","1","StreamManager","","","","","should create a new stream if no existing for protocol found",""
"passed","Tue Oct 01 10:12:43 GMT 2024","Tue Oct 01 10:12:43 GMT 2024","1","ENRTree","","","","","ENRTree (tree): should parse a DNS tree entry",""
"passed","Tue Oct 01 10:18:50 GMT 2024","Tue Oct 01 10:18:50 GMT 2024","0","Static Sharding: Running Nodes","Others","","","","start node with empty shard should fail",""
"passed","Tue Oct 01 10:12:19 GMT 2024","Tue Oct 01 10:12:19 GMT 2024","0","shardInfoToPubsubTopics","","","","","should return empty list for no shard",""
"passed","Tue Oct 01 10:17:50 GMT 2024","Tue Oct 01 10:17:50 GMT 2024","2","Waku Relay (Autosharding), multiple pubsub topics","","","","","Nodes with multiple pubsub topic",""
"passed","Tue Oct 01 10:17:12 GMT 2024","Tue Oct 01 10:17:12 GMT 2024","0","Waku Filter V2: FilterPush: Multiple Nodes: Strict Checking: true","","","","","Check received message containing escaped characters",""
"passed","Tue Oct 01 10:19:25 GMT 2024","Tue Oct 01 10:19:25 GMT 2024","1","Waku Dial [node only]","Interop: ServiceNode","","","","Does not throw an exception when node disconnects",""
"passed","Tue Oct 01 10:18:19 GMT 2024","Tue Oct 01 10:18:19 GMT 2024","1","Waku Light Push: Multiple Nodes: Strict Check: true","","","","","Push message with numeric payload",""
"passed","Tue Oct 01 10:17:12 GMT 2024","Tue Oct 01 10:17:12 GMT 2024","1","Waku Filter V2: FilterPush: Multiple Nodes: Strict Checking: true","","","","","Check message with no payload is not received",""
"passed","Tue Oct 01 10:13:14 GMT 2024","Tue Oct 01 10:13:14 GMT 2024","1","Events","peer:discovery","","","","should emit `peer:discovery:peer-exchange` event when a peer is discovered",""
"passed","Tue Oct 01 10:16:54 GMT 2024","Tue Oct 01 10:16:54 GMT 2024","0","Waku Filter V2: Subscribe: Single Service Node","","","","","Subscribe to topic containing escaped characters and receive message",""
"passed","Tue Oct 01 10:12:27 GMT 2024","Tue Oct 01 10:12:27 GMT 2024","1","ENR waku2 codec","Decoding","","","","should be able to decode the field with STORE and LIGHTPUSH protocols set to true",""
"passed","Tue Oct 01 10:19:05 GMT 2024","Tue Oct 01 10:19:05 GMT 2024","0","Waku Store, order","","","","","Ordered Callback - false",""
"passed","Tue Oct 01 10:19:04 GMT 2024","Tue Oct 01 10:19:04 GMT 2024","1","Waku Store, error handling","","","","","Query with Ordered Callback, No Decoder",""
"passed","Tue Oct 01 10:12:19 GMT 2024","Tue Oct 01 10:12:19 GMT 2024","0","pubsubTopicToSingleShardInfo with various invalid formats","","","","","should throw an error for non-numeric shard: /waku/2/rs/1/",""
"passed","Tue Oct 01 10:12:19 GMT 2024","Tue Oct 01 10:12:19 GMT 2024","0","singleShardInfosToShardInfo","","","","","should throw an error for empty SingleShardInfos array",""
"passed","Tue Oct 01 10:12:43 GMT 2024","Tue Oct 01 10:12:43 GMT 2024","1","ENRTree","","","","","ENRTree (root): should error if DNS root entry is malformed",""
"passed","Tue Oct 01 10:13:53 GMT 2024","Tue Oct 01 10:13:53 GMT 2024","0","Public methods","","","","","addEventListener with correct event",""
"passed","Tue Oct 01 10:19:25 GMT 2024","Tue Oct 01 10:19:25 GMT 2024","0","Decryption Keys","","","","","Used by Waku Relay",""
"passed","Tue Oct 01 10:17:12 GMT 2024","Tue Oct 01 10:17:12 GMT 2024","1","Waku Filter V2: FilterPush: Multiple Nodes: Strict Checking: false","","","","","Check message on other pubsub topic is not received",""
"passed","Tue Oct 01 10:18:53 GMT 2024","Tue Oct 01 10:18:53 GMT 2024","0","Waku Filter V2: Subscribe: Multiple Service Nodes: Strict Check mode: true","","","","","Overlapping topic subscription",""
"passed","Tue Oct 01 10:15:13 GMT 2024","Tue Oct 01 10:15:13 GMT 2024","0","getPeers","getPeers with varying maxBootstrapPeers","maxBootstrapPeers=5","","","numPeers=3 -- returns total 3 peers, with max 5 bootstrap peers",""
"passed","Tue Oct 01 10:17:58 GMT 2024","Tue Oct 01 10:17:58 GMT 2024","1","Waku Relay, Publish","","","","","Publish message with custom timestamp: Wed Oct 11 2023 10:17:50 GMT+0000 (Coordinated Universal Time)",""
"passed","Tue Oct 01 10:17:40 GMT 2024","Tue Oct 01 10:17:40 GMT 2024","1","Waku Relay, Interop","","","","","Nwaku publishes",""
"passed","Tue Oct 01 10:18:53 GMT 2024","Tue Oct 01 10:18:53 GMT 2024","0","Waku Filter V2: Subscribe: Multiple Service Nodes: Strict Check mode: false","","","","","Subscribe to topic containing shell command and receive message",""
"passed","Tue Oct 01 10:19:34 GMT 2024","Tue Oct 01 10:19:34 GMT 2024","0","Wait for remote peer","","","","","Store - dialed first",""
"passed","Tue Oct 01 10:12:19 GMT 2024","Tue Oct 01 10:12:19 GMT 2024","1","pubsubTopicToSingleShardInfo with various invalid formats","","","","","should throw an error for non-numeric clusterId: /waku/2/rs/-/1",""
"passed","Tue Oct 01 10:12:28 GMT 2024","Tue Oct 01 10:12:28 GMT 2024","0","ENR","Location multiaddr","","","","should properly create location multiaddrs - tcp4",""
"passed","Tue Oct 01 10:16:54 GMT 2024","Tue Oct 01 10:16:54 GMT 2024","5","Waku Filter V2: Subscribe: Single Service Node","","","","","Subscribe to topic containing Basic HTML tag and receive message",""
"passed","Tue Oct 01 10:18:53 GMT 2024","Tue Oct 01 10:18:53 GMT 2024","0","Waku Filter V2: Subscribe: Multiple Service Nodes: Strict Check mode: false","","","","","Subscribe and receive 2 messages on the same topic",""
"passed","Tue Oct 01 10:17:12 GMT 2024","Tue Oct 01 10:17:12 GMT 2024","0","Waku Filter V2: FilterPush: Multiple Nodes: Strict Checking: false","","","","","Check received message containing Arabic",""
"passed","Tue Oct 01 10:19:14 GMT 2024","Tue Oct 01 10:19:14 GMT 2024","0","Waku Store, page size","","","","","Default pageSize",""
"passed","Tue Oct 01 10:17:12 GMT 2024","Tue Oct 01 10:17:12 GMT 2024","0","Waku Filter V2: FilterPush: Multiple Nodes: Strict Checking: false","","","","","Check received message containing Russian",""
"passed","Tue Oct 01 10:17:22 GMT 2024","Tue Oct 01 10:17:22 GMT 2024","5","Waku Light Push (named sharding): Multiple PubsubTopics","","","","","Subscribe and receive messages on 2 different pubsubtopics",""
"passed","Tue Oct 01 10:18:53 GMT 2024","Tue Oct 01 10:18:53 GMT 2024","1","Waku Filter V2: Subscribe: Multiple Service Nodes: Strict Check mode: false","","","","","Subscribe and receive messages via waku relay post",""
"passed","Tue Oct 01 10:19:29 GMT 2024","Tue Oct 01 10:19:29 GMT 2024","1","Waku Store, general","","","","","Query generator for 2000 messages",""
"passed","Tue Oct 01 10:18:50 GMT 2024","Tue Oct 01 10:18:50 GMT 2024","6","Static Sharding: Running Nodes","Different clusters and shards","","","","Cluster ID 0 - Default/Global Cluster",""
"passed","Tue Oct 01 10:18:53 GMT 2024","Tue Oct 01 10:18:53 GMT 2024","0","Waku Filter V2: Subscribe: Multiple Service Nodes: Strict Check mode: false","","","","","Overlapping topic subscription",""
"passed","Tue Oct 01 10:12:35 GMT 2024","Tue Oct 01 10:12:35 GMT 2024","0","StreamManager","","","","","peer:update - should not schedule stream creation IF protocol hit AND stream found on connection",""
"passed","Tue Oct 01 10:15:29 GMT 2024","Tue Oct 01 10:15:29 GMT 2024","0","Waku Filter V2: Unsubscribe: Multiple Nodes: Strict Checking: false","","","","","Unsubscribe topics the node is not subscribed to",""
"passed","Tue Oct 01 10:18:19 GMT 2024","Tue Oct 01 10:18:19 GMT 2024","0","Waku Light Push: Multiple Nodes: Strict Check: true","","","","","Push message with content topic containing emoji",""
"passed","Tue Oct 01 10:12:27 GMT 2024","Tue Oct 01 10:12:27 GMT 2024","0","ENR waku2 codec","Encoding","","","","should be able to encode the field with only LIGHTPUSH set to true",""
"passed","Tue Oct 01 10:15:07 GMT 2024","Tue Oct 01 10:15:07 GMT 2024","1","Waku Filter V2: FilterPush","","","","","Check received message containing Script",""
"passed","Tue Oct 01 10:12:43 GMT 2024","Tue Oct 01 10:12:43 GMT 2024","0","DNS Node Discovery w/ capabilities","","","","","retrieves all peers (3) when branch entries are composed of multiple strings",""
"passed","Tue Oct 01 10:13:47 GMT 2024","Tue Oct 01 10:13:47 GMT 2024","1","Connection state","","","","","isConnected should return false after all peers disconnect",""
"passed","Tue Oct 01 10:19:34 GMT 2024","Tue Oct 01 10:19:34 GMT 2024","0","Wait for remote peer","","","","","Privacy Node - default protocol",""
"passed","Tue Oct 01 10:14:05 GMT 2024","Tue Oct 01 10:14:05 GMT 2024","1","Waku Filter V2 (Autosharding): Multiple PubsubTopics","","","","","Subscribe and receive messages on 2 different pubsubtopics",""
"passed","Tue Oct 01 10:12:47 GMT 2024","Tue Oct 01 10:12:47 GMT 2024","0","Local Storage Discovery","Unit Tests","","","","should add and remove event listeners correctly",""
"passed","Tue Oct 01 10:18:12 GMT 2024","Tue Oct 01 10:18:12 GMT 2024","1","Waku Relay, Subscribe","","","","","Subscribe to topic containing XML and publish message",""
"passed","Tue Oct 01 10:18:53 GMT 2024","Tue Oct 01 10:18:53 GMT 2024","0","Waku Filter V2: Subscribe: Multiple Service Nodes: Strict Check mode: false","","","","","Subscribe to topic containing unicode special characters and receive message",""
"passed","Tue Oct 01 10:12:28 GMT 2024","Tue Oct 01 10:12:28 GMT 2024","1","ENR","Txt codec","","","","should decode valid enr with tcp successfully",""
"passed","Tue Oct 01 10:12:27 GMT 2024","Tue Oct 01 10:12:27 GMT 2024","1","ENR waku2 codec","Decoding","","","","should be able to decode the field with only STORE set to true",""
"passed","Tue Oct 01 10:12:19 GMT 2024","Tue Oct 01 10:12:19 GMT 2024","0","shardInfoToPubsubTopics","","","","","should throw an error if shards are undefined for static sharding",""
"passed","Tue Oct 01 10:16:54 GMT 2024","Tue Oct 01 10:16:54 GMT 2024","0","Waku Filter V2: Subscribe: Single Service Node","","","","","Error when try to subscribe to more than 101 topics (new limit)",""
"passed","Tue Oct 01 10:17:22 GMT 2024","Tue Oct 01 10:17:22 GMT 2024","0","Waku Light Push (Autosharding): Multiple PubsubTopics","","","","","Subscribe and receive messages on 2 different pubsubtopics",""
"passed","Tue Oct 01 10:15:13 GMT 2024","Tue Oct 01 10:15:13 GMT 2024","1","getPeers","getPeers with varying maxBootstrapPeers","maxBootstrapPeers=7","","","numPeers=2 -- returns total 2 peers, with max 7 bootstrap peers",""
"passed","Tue Oct 01 10:12:19 GMT 2024","Tue Oct 01 10:12:19 GMT 2024","0","contentTopicToShardIndex","","","","","should correctly map /app/20/sometopic/someencoding to shard index 1 with networkShards 2",""
"passed","Tue Oct 01 10:17:58 GMT 2024","Tue Oct 01 10:17:58 GMT 2024","2","Waku Relay, Publish","","","","","Check publish message containing emoji",""
"passed","Tue Oct 01 10:12:19 GMT 2024","Tue Oct 01 10:12:19 GMT 2024","0","contentTopicToShardIndex","","","","","should correctly map /app/20/sometopic/someencoding to shard index 7",""
"passed","Tue Oct 01 10:12:19 GMT 2024","Tue Oct 01 10:12:19 GMT 2024","0","pubsubTopicToSingleShardInfo with various invalid formats","","","","","should throw an error for non-numeric clusterId: /waku/2/rs/\/1",""
"passed","Tue Oct 01 10:19:04 GMT 2024","Tue Oct 01 10:19:04 GMT 2024","0","Waku Store, error handling","","","","","Query with Promise Callback, No Decoder",""
"passed","Tue Oct 01 10:16:58 GMT 2024","Tue Oct 01 10:16:58 GMT 2024","1","Node Health Status Matrix Tests","","","","","LightPush: 3 peers, Filter: 1 peers - Expected: MinimallyHealthy",""
"passed","Tue Oct 01 10:12:19 GMT 2024","Tue Oct 01 10:12:19 GMT 2024","0","ensureValidContentTopic","","","","","throws on content topic with empty version field",""
"passed","Tue Oct 01 10:16:54 GMT 2024","Tue Oct 01 10:16:54 GMT 2024","3","Waku Filter V2: Subscribe: Single Service Node","","","","","Subscribe to topic containing long and receive message",""
"passed","Tue Oct 01 10:17:24 GMT 2024","Tue Oct 01 10:17:24 GMT 2024","0","Waku Relay","","","","","Decrypt messages",""
"passed","Tue Oct 01 10:18:12 GMT 2024","Tue Oct 01 10:18:12 GMT 2024","0","Waku Relay, Subscribe","","","","","Subscribe to topic containing escaped characters and publish message",""
"passed","Tue Oct 01 10:12:19 GMT 2024","Tue Oct 01 10:12:19 GMT 2024","0","ensurePubsubTopicIsConfigured","","","","","should not throw an error for a single configured topic",""
"passed","Tue Oct 01 10:12:35 GMT 2024","Tue Oct 01 10:12:35 GMT 2024","0","StreamManager","","","","","peer:update - should do nothing if another protocol hit",""
"skipped","Tue Oct 01 10:13:25 GMT 2024","Tue Oct 01 10:13:25 GMT 2024","0","DNS Node Discovery [live data]","","","","","passes more than one ENR URLs and attempts connection",""
"passed","Tue Oct 01 10:17:59 GMT 2024","Tue Oct 01 10:17:59 GMT 2024","4","Waku Light Push: Single Node","","","","","Push message with XML payload",""
"passed","Tue Oct 01 10:14:21 GMT 2024","Tue Oct 01 10:14:21 GMT 2024","3","Waku Filter: Peer Management: E2E","","","","","Tracks peer failures correctly",""
"passed","Tue Oct 01 10:19:25 GMT 2024","Tue Oct 01 10:19:25 GMT 2024","0","Waku Dial [node only]","Interop: ServiceNode","","","","connects to nwaku",""
"passed","Tue Oct 01 10:15:13 GMT 2024","Tue Oct 01 10:15:13 GMT 2024","1","getPeers","getPeers with varying maxBootstrapPeers","maxBootstrapPeers=1","","","numPeers=2 -- returns total 2 peers, with max 1 bootstrap peers",""
"passed","Tue Oct 01 10:17:59 GMT 2024","Tue Oct 01 10:17:59 GMT 2024","1","Waku Light Push: Single Node","","","","","Push message with content topic containing numeric",""
"passed","Tue Oct 01 10:18:54 GMT 2024","Tue Oct 01 10:18:54 GMT 2024","1","Waku Store, cursor","","","","","Passing a valid cursor at 0 index when there are 20 messages",""
"passed","Tue Oct 01 10:18:19 GMT 2024","Tue Oct 01 10:18:19 GMT 2024","1","Waku Light Push: Multiple Nodes: Strict Check: true","","","","","Push message with content topic containing JSON",""
"passed","Tue Oct 01 10:13:58 GMT 2024","Tue Oct 01 10:13:58 GMT 2024","0","Waku Filter V2: Ping: Multiple Nodes: Strict Checking: true","","","","","Ping on peer without subscriptions",""
"passed","Tue Oct 01 10:12:19 GMT 2024","Tue Oct 01 10:12:19 GMT 2024","1","ensureValidContentTopic","","","","","throws on content topic with empty topic name field",""
"passed","Tue Oct 01 10:17:58 GMT 2024","Tue Oct 01 10:17:58 GMT 2024","1","Waku Relay, Publish","","","","","Publish message with custom timestamp: Tue Oct 01 2024 11:17:50 GMT+0000 (Coordinated Universal Time)",""
"passed","Tue Oct 01 10:18:52 GMT 2024","Tue Oct 01 10:18:52 GMT 2024","4","Peer Exchange","Compliance Test","interface-peer-discovery compliance tests","","","should emit a peer event after start",""
"passed","Tue Oct 01 10:12:27 GMT 2024","Tue Oct 01 10:12:27 GMT 2024","2","ENR waku2 codec","Encoding","","","","should be able to encode the field with only RELAY set to true",""
"passed","Tue Oct 01 10:12:42 GMT 2024","Tue Oct 01 10:12:42 GMT 2024","3","Discovery","","","","","returns all values when wanted number is greater than available values",""
"passed","Tue Oct 01 10:19:21 GMT 2024","Tue Oct 01 10:19:21 GMT 2024","0","Util: toAsyncIterator: Filter","","","","","unsubscribes",""
"passed","Tue Oct 01 10:12:19 GMT 2024","Tue Oct 01 10:12:19 GMT 2024","0","contentTopicToShardIndex","","","","","should correctly map /app/20/sometopic/someencoding to shard index 0 with networkShards 1",""
"passed","Tue Oct 01 10:16:54 GMT 2024","Tue Oct 01 10:16:54 GMT 2024","0","Waku Filter V2: Subscribe: Single Service Node","","","","","Subscribe to topic containing numeric and receive message",""
"passed","Tue Oct 01 10:18:19 GMT 2024","Tue Oct 01 10:18:19 GMT 2024","0","Waku Light Push: Multiple Nodes: Strict Check: true","","","","","Push message with JSON payload",""
"passed","Tue Oct 01 10:18:54 GMT 2024","Tue Oct 01 10:18:54 GMT 2024","0","Waku Store, cursor","","","","","Passing a valid cursor at 19 index when there are 50 messages",""
"passed","Tue Oct 01 10:15:29 GMT 2024","Tue Oct 01 10:15:29 GMT 2024","0","Waku Filter V2: Unsubscribe: Multiple Nodes: Strict Checking: false","","","","","Unsubscribe 2 topics - node subscribed to 2 topics",""
"passed","Tue Oct 01 10:12:43 GMT 2024","Tue Oct 01 10:12:43 GMT 2024","1","ENRTree","","","","","ENRTree (root): should error if DNS root entry is mis-prefixed",""
"passed","Tue Oct 01 10:17:59 GMT 2024","Tue Oct 01 10:17:59 GMT 2024","1","Waku Light Push: Single Node","","","","","Push message with content topic containing escaped characters",""
"passed","Tue Oct 01 10:18:19 GMT 2024","Tue Oct 01 10:18:19 GMT 2024","0","Waku Light Push: Multiple Nodes: Strict Check: true","","","","","Push message with unicode special characters payload",""
"passed","Tue Oct 01 10:18:53 GMT 2024","Tue Oct 01 10:18:53 GMT 2024","1","Waku Filter V2: Subscribe: Multiple Service Nodes: Strict Check mode: true","","","","","Renews subscription after lossing a connection",""
"passed","Tue Oct 01 10:17:50 GMT 2024","Tue Oct 01 10:17:50 GMT 2024","2","Waku Relay, multiple pubsub topics","","","","","Nodes with multiple pubsub topic",""
"passed","Tue Oct 01 10:15:07 GMT 2024","Tue Oct 01 10:15:07 GMT 2024","0","Waku Filter V2: FilterPush","","","","","Check received message with timestamp: 1727777592911000000 ",""
"passed","Tue Oct 01 10:13:58 GMT 2024","Tue Oct 01 10:13:58 GMT 2024","4","Waku Filter V2: Ping: Multiple Nodes: Strict Checking: true","","","","","Reopen subscription with peer with lost subscription",""
"skipped","Tue Oct 01 10:17:23 GMT 2024","Tue Oct 01 10:17:23 GMT 2024","0","Peer Exchange Query","","","","","less peers than existing",""
"passed","Tue Oct 01 10:17:58 GMT 2024","Tue Oct 01 10:17:58 GMT 2024","0","Waku Relay, Publish","","","","","Check publish message containing Basic HTML tag",""
"passed","Tue Oct 01 10:12:19 GMT 2024","Tue Oct 01 10:12:19 GMT 2024","0","contentTopicToShardIndex","","","","","topics with same application and version share the same shard",""
"passed","Tue Oct 01 10:13:58 GMT 2024","Tue Oct 01 10:13:58 GMT 2024","1","Waku Filter V2: Ping: Multiple Nodes: Strict Checking: false","","","","","Ping on unsubscribed peer",""
"passed","Tue Oct 01 10:19:15 GMT 2024","Tue Oct 01 10:19:15 GMT 2024","0","Waku Store (named sharding), custom pubsub topic","","","","","Generator, 2 nwaku nodes each with different pubsubtopics",""
"passed","Tue Oct 01 10:16:54 GMT 2024","Tue Oct 01 10:16:54 GMT 2024","0","Waku Filter V2: Subscribe: Single Service Node","","","","","Subscribe to topic containing unicode special characters and receive message",""
"passed","Tue Oct 01 10:12:53 GMT 2024","Tue Oct 01 10:12:53 GMT 2024","0","Ensures content topic is defined","","","","","Encoder throws on undefined content topic",""
"passed","Tue Oct 01 10:15:13 GMT 2024","Tue Oct 01 10:15:13 GMT 2024","0","getConnectedPeersForProtocolAndShard","","","","","same cluster, same shard: nodes connect (autosharding)",""
"passed","Tue Oct 01 10:19:14 GMT 2024","Tue Oct 01 10:19:14 GMT 2024","0","Waku Store, page size","","","","","Passing page size 11 when there are 10 messages",""
"passed","Tue Oct 01 10:17:59 GMT 2024","Tue Oct 01 10:17:59 GMT 2024","1","Waku Light Push: Single Node","","","","","Push message with SQL Injection payload",""
"passed","Tue Oct 01 10:12:19 GMT 2024","Tue Oct 01 10:12:19 GMT 2024","0","shardInfoToPubsubTopics","","","","","should handle clusterId, application and version for autosharding with cluster iD 0",""
"passed","Tue Oct 01 10:18:12 GMT 2024","Tue Oct 01 10:18:12 GMT 2024","1","Waku Relay, Subscribe","","","","","Subscribe and publish messages on 2 different content topics",""
"passed","Tue Oct 01 10:17:58 GMT 2024","Tue Oct 01 10:17:58 GMT 2024","2","Waku Relay, Publish","","","","","Fails to publish message with empty text",""
"passed","Tue Oct 01 10:18:53 GMT 2024","Tue Oct 01 10:18:53 GMT 2024","0","Waku Filter V2: Subscribe: Multiple Service Nodes: Strict Check mode: true","","","","","Subscribe to topic containing short and receive message",""
"passed","Tue Oct 01 10:12:19 GMT 2024","Tue Oct 01 10:12:19 GMT 2024","0","ensureShardingConfigured","","","","","should return valid sharding parameters for content topics autosharding",""
"passed","Tue Oct 01 10:19:34 GMT 2024","Tue Oct 01 10:19:34 GMT 2024","1","Wait for remote peer","","","","","Relay - dialed first",""
"passed","Tue Oct 01 10:17:58 GMT 2024","Tue Oct 01 10:17:58 GMT 2024","0","Waku Relay, Publish","","","","","Fails to publish message with wrong pubsubtopic",""
"passed","Tue Oct 01 10:12:19 GMT 2024","Tue Oct 01 10:12:19 GMT 2024","0","ensureValidContentTopic","","","","","throws on content topic with non-number generation field",""
"passed","Tue Oct 01 10:18:53 GMT 2024","Tue Oct 01 10:18:53 GMT 2024","0","Waku Filter V2: Subscribe: Multiple Service Nodes: Strict Check mode: false","","","","","Subscribe and receive messages via lightPush",""
"passed","Tue Oct 01 10:12:28 GMT 2024","Tue Oct 01 10:12:28 GMT 2024","0","ENR","Location multiaddr","","","","should properly create location multiaddrs - tcp",""
"passed","Tue Oct 01 10:17:12 GMT 2024","Tue Oct 01 10:17:12 GMT 2024","2","Waku Filter V2: FilterPush: Multiple Nodes: Strict Checking: false","","","","","Check received message containing Basic HTML tag",""
"passed","Tue Oct 01 10:15:29 GMT 2024","Tue Oct 01 10:15:29 GMT 2024","1","Waku Filter V2: Unsubscribe: Multiple Nodes: Strict Checking: false","","","","","Unsubscribes all - node subscribed to 10 topics",""
"passed","Tue Oct 01 10:12:19 GMT 2024","Tue Oct 01 10:12:19 GMT 2024","0","pubsubTopicToSingleShardInfo with various invalid formats","","","","","should throw an error for invalid PubsubTopic format: /waku/2/rs",""
"passed","Tue Oct 01 10:12:43 GMT 2024","Tue Oct 01 10:12:43 GMT 2024","1","DNS Node Discovery w/ capabilities","","","","","should only return 1 node with store capability",""
"passed","Tue Oct 01 10:18:53 GMT 2024","Tue Oct 01 10:18:53 GMT 2024","0","Waku Filter V2: Subscribe: Multiple Service Nodes: Strict Check mode: false","","","","","Subscribe and receives messages on 20 topics",""
"passed","Tue Oct 01 10:17:22 GMT 2024","Tue Oct 01 10:17:22 GMT 2024","0","Waku Light Push : Multiple PubsubTopics","","","","","Push message on custom pubsubTopic",""
"passed","Tue Oct 01 10:12:35 GMT 2024","Tue Oct 01 10:12:35 GMT 2024","0","Ensures content topic is defined","","","","","Decoder throws on empty string content topic",""
"passed","Tue Oct 01 10:15:13 GMT 2024","Tue Oct 01 10:15:13 GMT 2024","0","getConnectedPeersForProtocolAndShard","","","","","same cluster, different shard: nodes don't connect",""
"passed","Tue Oct 01 10:16:58 GMT 2024","Tue Oct 01 10:16:58 GMT 2024","0","Node Health Status Matrix Tests","","","","","LightPush: 1 peers, Filter: 3 peers - Expected: MinimallyHealthy",""
"passed","Tue Oct 01 10:18:19 GMT 2024","Tue Oct 01 10:18:19 GMT 2024","1","Waku Light Push: Multiple Nodes: Strict Check: true","","","","","Push message with content topic containing numeric",""
"passed","Tue Oct 01 10:16:58 GMT 2024","Tue Oct 01 10:16:58 GMT 2024","1","Node Health Status Matrix Tests","","","","","LightPush: 2 peers, Filter: 0 peers - Expected: Unhealthy",""
"passed","Tue Oct 01 10:19:05 GMT 2024","Tue Oct 01 10:19:05 GMT 2024","0","Waku Store, order","","","","","Ordered Callback - true",""
"passed","Tue Oct 01 10:15:13 GMT 2024","Tue Oct 01 10:15:13 GMT 2024","1","getPeers","getPeers with varying maxBootstrapPeers","maxBootstrapPeers=6","","","numPeers=0 -- returns all peers including all non-bootstrap with maxBootstrapPeers: 6",""
"passed","Tue Oct 01 10:12:43 GMT 2024","Tue Oct 01 10:12:43 GMT 2024","1","Fetch nodes until capabilities are fulfilled","","","","","1 Relay, 1 fetch",""
"passed","Tue Oct 01 10:18:50 GMT 2024","Tue Oct 01 10:18:50 GMT 2024","0","Static Sharding: Running Nodes","Different clusters and shards","","","","random static sharding 8 - Cluster ID: 725, Shard ID: 850",""
"passed","Tue Oct 01 10:12:43 GMT 2024","Tue Oct 01 10:12:43 GMT 2024","0","DNS Node Discovery w/ capabilities","","","","","should only return 1 node with relay capability",""
"passed","Tue Oct 01 10:18:53 GMT 2024","Tue Oct 01 10:18:53 GMT 2024","0","Waku Filter V2: Subscribe: Multiple Service Nodes: Strict Check mode: true","","","","","Subscribe to topic containing SQL Injection and receive message",""
"passed","Tue Oct 01 10:19:23 GMT 2024","Tue Oct 01 10:19:23 GMT 2024","0","Waku Store, time filter","","","","","msgTime: -19000 ms from now, startTime: -18999, endTime: -18996",""
"passed","Tue Oct 01 10:18:19 GMT 2024","Tue Oct 01 10:18:19 GMT 2024","2","Waku Light Push: Multiple Nodes: Strict Check: true","","","","","Push message with emoji payload",""
"passed","Tue Oct 01 10:19:23 GMT 2024","Tue Oct 01 10:19:23 GMT 2024","0","Waku Store, time filter","","","","","msgTime: -19000 ms from now, startTime: -19000, endTime: -18000",""
"passed","Tue Oct 01 10:18:31 GMT 2024","Tue Oct 01 10:18:31 GMT 2024","1","Autosharding: Running Nodes","Different clusters and topics","","","","random auto sharding 5 - Cluster ID: 10, Content Topic: /app34/10/topic37/utf8",""
"passed","Tue Oct 01 10:19:14 GMT 2024","Tue Oct 01 10:19:14 GMT 2024","0","Waku Store, page size","","","","","Passing page size 110 when there are 120 messages",""
"passed","Tue Oct 01 10:17:12 GMT 2024","Tue Oct 01 10:17:12 GMT 2024","0","Waku Filter V2: FilterPush: Multiple Nodes: Strict Checking: false","","","","","Check received message with timestamp: 1727777593220 ",""
"passed","Tue Oct 01 10:12:43 GMT 2024","Tue Oct 01 10:12:43 GMT 2024","0","DNS Node Discovery w/ capabilities","","","","","should only return 1 node with relay and store capability",""
"passed","Tue Oct 01 10:15:13 GMT 2024","Tue Oct 01 10:15:13 GMT 2024","2","getPeers","getPeers with varying maxBootstrapPeers","maxBootstrapPeers=4","","","numPeers=4 -- returns total 4 peers, with max 4 bootstrap peers",""
"passed","Tue Oct 01 10:18:53 GMT 2024","Tue Oct 01 10:18:53 GMT 2024","1","Waku Filter V2: Subscribe: Multiple Service Nodes: Strict Check mode: true","","","","","Subscribe to topic containing Arabic and receive message",""
"passed","Tue Oct 01 10:19:29 GMT 2024","Tue Oct 01 10:19:29 GMT 2024","0","Waku Store, general","","","","","Query generator for multiple messages with multiple decoders",""
"passed","Tue Oct 01 10:15:29 GMT 2024","Tue Oct 01 10:15:29 GMT 2024","0","Waku Filter V2: Unsubscribe: Multiple Nodes: Strict Checking: true","","","","","Unsubscribe 2 topics - node subscribed to 2 topics",""
"passed","Tue Oct 01 10:17:16 GMT 2024","Tue Oct 01 10:17:16 GMT 2024","0","nwaku","","","","","Correctly serialized arguments",""
"passed","Tue Oct 01 10:18:19 GMT 2024","Tue Oct 01 10:18:19 GMT 2024","2","Waku Light Push: Multiple Nodes: Strict Check: true","","","","","Push message with content topic containing Arabic",""
"passed","Tue Oct 01 10:15:13 GMT 2024","Tue Oct 01 10:15:13 GMT 2024","1","getPeers","getPeers with varying maxBootstrapPeers","maxBootstrapPeers=2","","","numPeers=1 -- returns one bootstrap peer ",""
"passed","Tue Oct 01 10:13:53 GMT 2024","Tue Oct 01 10:13:53 GMT 2024","2","Public methods","","","","","listenerCount",""
"passed","Tue Oct 01 10:12:43 GMT 2024","Tue Oct 01 10:12:43 GMT 2024","1","ENRTree","","","","","ENRTree (tree): should error if DNS tree entry is misformatted",""
"passed","Tue Oct 01 10:18:12 GMT 2024","Tue Oct 01 10:18:12 GMT 2024","0","Waku Relay, Subscribe","","","","","Subscribe to topic containing numeric and publish message",""
"passed","Tue Oct 01 10:12:19 GMT 2024","Tue Oct 01 10:12:19 GMT 2024","0","determinePubsubTopic","","","","","should process correctly when SingleShardInfo has no clusterId but has a shard",""
"passed","Tue Oct 01 10:19:29 GMT 2024","Tue Oct 01 10:19:29 GMT 2024","2","Waku Store, general","","","","","Generator, with asymmetric & symmetric encrypted messages",""
"passed","Tue Oct 01 10:17:50 GMT 2024","Tue Oct 01 10:17:50 GMT 2024","1","Waku Relay (Autosharding), multiple pubsub topics","","","","","3 nodes on /waku/2/rs/7/1 topic",""
"passed","Tue Oct 01 10:15:07 GMT 2024","Tue Oct 01 10:15:07 GMT 2024","0","Waku Filter V2: FilterPush","","","","","Check message on other pubsub topic is not received",""
"passed","Tue Oct 01 10:17:50 GMT 2024","Tue Oct 01 10:17:50 GMT 2024","0","Waku Relay (Autosharding), multiple pubsub topics","","","","","3 nodes on /waku/2/rs/7/0 topic",""
"passed","Tue Oct 01 10:18:53 GMT 2024","Tue Oct 01 10:18:53 GMT 2024","1","Waku Filter V2: Subscribe: Multiple Service Nodes: Strict Check mode: true","","","","","Subscribe and receive 2 messages on the same topic",""
"passed","Tue Oct 01 10:17:12 GMT 2024","Tue Oct 01 10:17:12 GMT 2024","1","Waku Filter V2: FilterPush: Multiple Nodes: Strict Checking: false","","","","","Check received message containing JSON",""
"passed","Tue Oct 01 10:12:53 GMT 2024","Tue Oct 01 10:12:53 GMT 2024","2","Symmetric Encryption","","","","","Round trip binary encryption [symmetric, no signature]",""
"passed","Tue Oct 01 10:18:53 GMT 2024","Tue Oct 01 10:18:53 GMT 2024","1","Waku Filter V2: Subscribe: Multiple Service Nodes: Strict Check mode: false","","","","","Subscribe to topic containing escaped characters and receive message",""
"passed","Tue Oct 01 10:19:34 GMT 2024","Tue Oct 01 10:19:34 GMT 2024","0","Wait for remote peer","","","","","Filter",""
"passed","Tue Oct 01 10:19:04 GMT 2024","Tue Oct 01 10:19:04 GMT 2024","0","Waku Store, error handling","","","","","Query with Promise Callback, Wrong PubsubTopic",""
"passed","Tue Oct 01 10:15:13 GMT 2024","Tue Oct 01 10:15:13 GMT 2024","0","getConnectedPeersForProtocolAndShard","","","","","different cluster, different shard: nodes don't connect (autosharding)",""
"passed","Tue Oct 01 10:17:58 GMT 2024","Tue Oct 01 10:17:58 GMT 2024","5","Waku Relay, Publish","","","","","Publish message with custom timestamp: Tue Oct 01 2024 09:17:50 GMT+0000 (Coordinated Universal Time)",""
"passed","Tue Oct 01 10:19:14 GMT 2024","Tue Oct 01 10:19:14 GMT 2024","3","Waku Store, page size","","","","","Passing page size 19 when there are 20 messages",""
"passed","Tue Oct 01 10:19:34 GMT 2024","Tue Oct 01 10:19:34 GMT 2024","0","Wait for remote peer","","","","","Relay - dialed after",""
"passed","Tue Oct 01 10:17:59 GMT 2024","Tue Oct 01 10:17:59 GMT 2024","1","Waku Light Push: Single Node","","","","","Push message with content topic containing Arabic",""
"passed","Tue Oct 01 10:19:15 GMT 2024","Tue Oct 01 10:19:15 GMT 2024","2","Waku Store (Autosharding), custom pubsub topic","","","","","Generator, 2 nwaku nodes each with different pubsubtopics",""
"passed","Tue Oct 01 10:18:53 GMT 2024","Tue Oct 01 10:18:53 GMT 2024","0","Waku Filter V2: Subscribe: Multiple Service Nodes: Strict Check mode: false","","","","","Subscribe to topic containing short and receive message",""
"passed","Tue Oct 01 10:16:58 GMT 2024","Tue Oct 01 10:16:58 GMT 2024","3","Node Health Status Matrix Tests","","","","","LightPush: 0 peers, Filter: 2 peers - Expected: Unhealthy",""
"passed","Tue Oct 01 10:12:27 GMT 2024","Tue Oct 01 10:12:27 GMT 2024","1","ENR waku2 codec","Encoding","","","","should be able to encode the field with RELAY and FILTER protocols set to true",""
"passed","Tue Oct 01 10:12:19 GMT 2024","Tue Oct 01 10:12:19 GMT 2024","0","contentTopicToPubsubTopic","","","","","should correctly map a content topic to a pubsub topic",""
"passed","Tue Oct 01 10:17:40 GMT 2024","Tue Oct 01 10:17:40 GMT 2024","1","Waku Relay, Interop","","","","","nwaku subscribes",""
"passed","Tue Oct 01 10:12:27 GMT 2024","Tue Oct 01 10:12:27 GMT 2024","0","ENR waku2 codec","Decoding","","","","should be able to decode the field with RELAY and FILTER protocols set to true",""
"passed","Tue Oct 01 10:12:55 GMT 2024","Tue Oct 01 10:12:55 GMT 2024","0","Ensures content topic is defined","","","","","Decoder throws on empty string content topic",""
"passed","Tue Oct 01 10:17:12 GMT 2024","Tue Oct 01 10:17:12 GMT 2024","0","Waku Filter V2: FilterPush: Multiple Nodes: Strict Checking: false","","","","","Check received message with timestamp: 1949153314000 ",""
"passed","Tue Oct 01 10:15:45 GMT 2024","Tue Oct 01 10:15:45 GMT 2024","0","Health Manager","Should update the health status for protocols","","","","Filter with 0 connections",""
"passed","Tue Oct 01 10:12:47 GMT 2024","Tue Oct 01 10:12:47 GMT 2024","0","Local Storage Discovery","Compliance Tests","interface-peer-discovery compliance tests","","","should not fail to stop the service if it was not started",""
"passed","Tue Oct 01 10:12:19 GMT 2024","Tue Oct 01 10:12:19 GMT 2024","0","determinePubsubTopic","","","","","should return a calculated topic if SingleShardInfo is provided",""
"passed","Tue Oct 01 10:17:12 GMT 2024","Tue Oct 01 10:17:12 GMT 2024","0","Waku Filter V2: FilterPush: Multiple Nodes: Strict Checking: true","","","","","Check received message with timestamp: 1649153314 ",""
"passed","Tue Oct 01 10:12:19 GMT 2024","Tue Oct 01 10:12:19 GMT 2024","0","Relay Shard codec","","","","","should throw an error for insufficient data",""
"passed","Tue Oct 01 10:18:53 GMT 2024","Tue Oct 01 10:18:53 GMT 2024","0","Waku Filter V2: Subscribe: Multiple Service Nodes: Strict Check mode: false","","","","","Subscribe to topic containing Basic HTML tag and receive message",""
"passed","Tue Oct 01 10:12:28 GMT 2024","Tue Oct 01 10:12:28 GMT 2024","0","ENR","Verify","","","","should throw error - no public key",""
"passed","Tue Oct 01 10:13:14 GMT 2024","Tue Oct 01 10:13:14 GMT 2024","5","Events","peer:discovery","","","","should emit `peer:discovery:bootstrap` event when a peer is discovered",""
"passed","Tue Oct 01 10:12:19 GMT 2024","Tue Oct 01 10:12:19 GMT 2024","0","pubsubTopicToSingleShardInfo with various invalid formats","","","","","should throw an error for non-numeric shard: /waku/2/rs/1/$",""
"passed","Tue Oct 01 10:12:19 GMT 2024","Tue Oct 01 10:12:19 GMT 2024","0","pubsubTopicToSingleShardInfo with various invalid formats","","","","","should throw an error for non-numeric shard: /waku/2/rs/1/\",""
"passed","Tue Oct 01 10:18:53 GMT 2024","Tue Oct 01 10:18:53 GMT 2024","1","Waku Filter V2: Subscribe: Multiple Service Nodes: Strict Check mode: false","","","","","Subscribe to topic containing long and receive message",""
"passed","Tue Oct 01 10:17:58 GMT 2024","Tue Oct 01 10:17:58 GMT 2024","1","Waku Relay, Publish","","","","","Fails to publish message with wrong content topic",""
"passed","Tue Oct 01 10:16:54 GMT 2024","Tue Oct 01 10:16:54 GMT 2024","0","Waku Filter V2: Subscribe: Single Service Node","","","","","Subscribe to topic containing XML and receive message",""
"passed","Tue Oct 01 10:18:31 GMT 2024","Tue Oct 01 10:18:31 GMT 2024","0","Autosharding: Running Nodes","Different clusters and topics","","","","random auto sharding 7 - Cluster ID: 10, Content Topic: /app19/5/topic673/json",""
"passed","Tue Oct 01 10:19:15 GMT 2024","Tue Oct 01 10:19:15 GMT 2024","3","Waku Store (Autosharding), custom pubsub topic","","","","","Generator, 2 different pubsubtopics",""
"passed","Tue Oct 01 10:18:52 GMT 2024","Tue Oct 01 10:18:52 GMT 2024","5","Peer Exchange","Compliance Test","interface-peer-discovery compliance tests","","","should not receive a peer event before start",""
"passed","Tue Oct 01 10:12:19 GMT 2024","Tue Oct 01 10:12:19 GMT 2024","1","ensureShardingConfigured","","","","","should return valid sharding parameters for static sharding",""
"passed","Tue Oct 01 10:12:19 GMT 2024","Tue Oct 01 10:12:19 GMT 2024","0","singleShardInfosToShardInfo","","","","","should throw an error for SingleShardInfos with different clusterIds",""
"passed","Tue Oct 01 10:12:19 GMT 2024","Tue Oct 01 10:12:19 GMT 2024","0","singleShardInfosToShardInfo","","","","","should aggregate SingleShardInfos into a ShardInfo",""
"skipped","Tue Oct 01 10:12:43 GMT 2024","Tue Oct 01 10:12:43 GMT 2024","0","DNS Node Discovery [live data]","","","","","should retrieve 3 multiaddrs for sandbox.waku.nodes.status.im",""
"passed","Tue Oct 01 10:17:12 GMT 2024","Tue Oct 01 10:17:12 GMT 2024","1","Waku Filter V2: FilterPush: Multiple Nodes: Strict Checking: true","","","","","Check message on other pubsub topic is not received",""
"skipped","Tue Oct 01 10:15:07 GMT 2024","Tue Oct 01 10:15:07 GMT 2024","1","Waku Filter V2: FilterPush","","","","","Check message received after jswaku node is restarted",""
"skipped","Tue Oct 01 10:17:12 GMT 2024","Tue Oct 01 10:17:12 GMT 2024","4","Waku Filter V2: FilterPush: Multiple Nodes: Strict Checking: false","","","","","Check message received after nwaku node is restarted",""
"passed","Tue Oct 01 10:15:13 GMT 2024","Tue Oct 01 10:15:13 GMT 2024","0","getPeers","getPeers with varying maxBootstrapPeers","maxBootstrapPeers=1","","","numPeers=0 -- returns all peers including all non-bootstrap with maxBootstrapPeers: 1",""
"passed","Tue Oct 01 10:18:53 GMT 2024","Tue Oct 01 10:18:53 GMT 2024","0","Waku Filter V2: Subscribe: Multiple Service Nodes: Strict Check mode: true","","","","","Subscribe to topic containing unicode special characters and receive message",""
"passed","Tue Oct 01 10:13:21 GMT 2024","Tue Oct 01 10:13:21 GMT 2024","1","Dials","dialPeer method","For peer-exchange peers","","","should be called for every peer with PEER_EXCHANGE tags",""
"passed","Tue Oct 01 10:17:59 GMT 2024","Tue Oct 01 10:17:59 GMT 2024","0","Waku Light Push: Single Node","","","","","Push message with content topic containing emoji",""
"passed","Tue Oct 01 10:16:58 GMT 2024","Tue Oct 01 10:16:58 GMT 2024","0","Node Health Status Matrix Tests","","","","","LightPush: 0 peers, Filter: 3 peers - Expected: Unhealthy",""
"passed","Tue Oct 01 10:18:53 GMT 2024","Tue Oct 01 10:18:53 GMT 2024","0","Waku Filter V2: Subscribe: Multiple Service Nodes: Strict Check mode: false","","","","","Subscribe to topic containing emoji and receive message",""
"passed","Tue Oct 01 10:15:13 GMT 2024","Tue Oct 01 10:15:13 GMT 2024","0","getPeers","getPeers with varying maxBootstrapPeers","maxBootstrapPeers=3","","","numPeers=0 -- returns all peers including all non-bootstrap with maxBootstrapPeers: 3",""
"passed","Tue Oct 01 10:19:15 GMT 2024","Tue Oct 01 10:19:15 GMT 2024","3","Waku Store (Autosharding), custom pubsub topic","","","","","Generator, custom pubsub topic",""
"passed","Tue Oct 01 10:12:35 GMT 2024","Tue Oct 01 10:12:35 GMT 2024","0","Waku Message version 0","","","","","Round trip binary serialization",""
"passed","Tue Oct 01 10:17:58 GMT 2024","Tue Oct 01 10:17:58 GMT 2024","0","Waku Relay, Publish","","","","","Check publish message containing Arabic",""
"passed","Tue Oct 01 10:12:27 GMT 2024","Tue Oct 01 10:12:27 GMT 2024","1","Multiaddr from fields","","","","","tcp ip4 address",""
"skipped","Tue Oct 01 10:17:58 GMT 2024","Tue Oct 01 10:17:58 GMT 2024","1","Waku Relay, Publish","","","","","Check publish message after service node is restarted",""
"passed","Tue Oct 01 10:12:55 GMT 2024","Tue Oct 01 10:12:55 GMT 2024","0","Ecies Encryption","","","","","Check meta is set [ecies]",""
"passed","Tue Oct 01 10:16:54 GMT 2024","Tue Oct 01 10:16:54 GMT 2024","0","Waku Filter V2: Subscribe: Single Service Node","","","","","Subscribe to topic containing Script and receive message",""
"passed","Tue Oct 01 10:17:20 GMT 2024","Tue Oct 01 10:17:20 GMT 2024","0","Peer Exchange Continuous Discovery","","","","","Should update multiaddrs",""
"passed","Tue Oct 01 10:12:19 GMT 2024","Tue Oct 01 10:12:19 GMT 2024","1","ensureValidContentTopic","","","","","throws on empty content topic",""
"passed","Tue Oct 01 10:12:43 GMT 2024","Tue Oct 01 10:12:43 GMT 2024","1","ENRTree","","","","","ENRTree (branch): should parse and verify a single component DNS branch entry",""
"passed","Tue Oct 01 10:19:21 GMT 2024","Tue Oct 01 10:19:21 GMT 2024","0","Util: toAsyncIterator: Filter","","","","","handles multiple messages",""
"skipped","Tue Oct 01 10:17:23 GMT 2024","Tue Oct 01 10:17:23 GMT 2024","0","Peer Exchange Query","","","","","more peers than existing",""
"passed","Tue Oct 01 10:19:25 GMT 2024","Tue Oct 01 10:19:25 GMT 2024","0","Waku Dial [node only]","Bootstrap","","","","Using a function",""
"passed","Tue Oct 01 10:12:19 GMT 2024","Tue Oct 01 10:12:19 GMT 2024","0","ensureValidContentTopic","","","","","does not throw on valid cases",""
"passed","Tue Oct 01 10:18:19 GMT 2024","Tue Oct 01 10:18:19 GMT 2024","2","Waku Light Push: Multiple Nodes: Strict Check: true","","","","","Push message with escaped characters payload",""
"passed","Tue Oct 01 10:17:12 GMT 2024","Tue Oct 01 10:17:12 GMT 2024","0","Waku Filter V2: FilterPush: Multiple Nodes: Strict Checking: true","","","","","Check received message containing emoji",""
"passed","Tue Oct 01 10:18:50 GMT 2024","Tue Oct 01 10:18:50 GMT 2024","0","Static Sharding: Running Nodes","Different clusters and shards","","","","random static sharding 5 - Cluster ID: 691, Shard ID: 217",""
"passed","Tue Oct 01 10:14:21 GMT 2024","Tue Oct 01 10:14:21 GMT 2024","1","Waku Filter: Peer Management: E2E","","","","","Number of peers are maintained correctly",""
"passed","Tue Oct 01 10:18:50 GMT 2024","Tue Oct 01 10:18:50 GMT 2024","0","Static Sharding: Running Nodes","Different clusters and shards","","","","random static sharding 2 - Cluster ID: 533, Shard ID: 480",""
"passed","Tue Oct 01 10:16:54 GMT 2024","Tue Oct 01 10:16:54 GMT 2024","0","Waku Filter V2: Subscribe: Single Service Node","","","","","Subscribe to topic containing shell command and receive message",""
"passed","Tue Oct 01 10:17:59 GMT 2024","Tue Oct 01 10:17:59 GMT 2024","0","Waku Light Push: Single Node","","","","","Push message with rate limit",""
"passed","Tue Oct 01 10:19:05 GMT 2024","Tue Oct 01 10:19:05 GMT 2024","0","Waku Store, order","","","","","Promise Callback  - true",""
"passed","Tue Oct 01 10:12:28 GMT 2024","Tue Oct 01 10:12:28 GMT 2024","1","ENR","Static tests","","","","should encode/decode to text encoding",""
"passed","Tue Oct 01 10:18:31 GMT 2024","Tue Oct 01 10:18:31 GMT 2024","1","Autosharding: Running Nodes","Different clusters and topics","","","","random auto sharding 6 - Cluster ID: 10, Content Topic: /app42/4/topic590/json",""
"skipped","Tue Oct 01 10:17:58 GMT 2024","Tue Oct 01 10:17:58 GMT 2024","1","Waku Relay, Publish","","","","","Check publish message after client node is restarted",""
"passed","Tue Oct 01 10:15:13 GMT 2024","Tue Oct 01 10:15:13 GMT 2024","0","getPeers","getPeers with varying maxBootstrapPeers","maxBootstrapPeers=2","","","numPeers=0 -- returns all peers including all non-bootstrap with maxBootstrapPeers: 2",""
"passed","Tue Oct 01 10:18:53 GMT 2024","Tue Oct 01 10:18:53 GMT 2024","0","Waku Filter V2: Subscribe: Multiple Service Nodes: Strict Check mode: true","","","","","Subscribe to topic containing long and receive message",""
"passed","Tue Oct 01 10:19:14 GMT 2024","Tue Oct 01 10:19:14 GMT 2024","1","Waku Store, page size","","","","","Passing page size 1 when there are 4 messages",""
"passed","Tue Oct 01 10:12:43 GMT 2024","Tue Oct 01 10:12:43 GMT 2024","1","Fetch nodes until capabilities are fulfilled","","","","","1 Relay, 1 Filter, gives up",""
"passed","Tue Oct 01 10:13:20 GMT 2024","Tue Oct 01 10:13:20 GMT 2024","1","Waku Message Ephemeral field","","","","","Ephemeral field is preserved - encoder v0",""
"passed","Tue Oct 01 10:18:53 GMT 2024","Tue Oct 01 10:18:53 GMT 2024","0","Waku Filter V2: Subscribe: Multiple Service Nodes: Strict Check mode: false","","","","","Subscribe and receive ecies encrypted messages via lightPush",""
"passed","Tue Oct 01 10:12:19 GMT 2024","Tue Oct 01 10:12:19 GMT 2024","0","Relay Shard codec","","","","","should correctly encode and decode relay shards using rs format (Index List)",""
"passed","Tue Oct 01 10:13:20 GMT 2024","Tue Oct 01 10:13:20 GMT 2024","1","Waku Message Ephemeral field","","","","","Ephemeral messages are not stored",""
"passed","Tue Oct 01 10:15:45 GMT 2024","Tue Oct 01 10:15:45 GMT 2024","0","Health Manager","Should update the health status for protocols","","","","LightPush with 3 connections",""
"passed","Tue Oct 01 10:20:39 GMT 2024","Tue Oct 01 10:20:39 GMT 2024","1","Autosharding: Peer Management","Peer Exchange","","","","px service nodes not subscribed to the shard should not be dialed",""
"passed","Tue Oct 01 10:19:23 GMT 2024","Tue Oct 01 10:19:23 GMT 2024","1","Waku Store, time filter","","","","","Timestamp too far from node time: -20000 ms from now",""
"passed","Tue Oct 01 10:17:59 GMT 2024","Tue Oct 01 10:17:59 GMT 2024","0","Waku Light Push: Single Node","","","","","Push message with Chinese payload",""
"passed","Tue Oct 01 10:19:14 GMT 2024","Tue Oct 01 10:19:14 GMT 2024","0","Waku Store, sorting","","","","","Ordered Callback sorting by timestamp while page direction is false",""
"passed","Tue Oct 01 10:18:52 GMT 2024","Tue Oct 01 10:18:52 GMT 2024","6","Peer Exchange","Compliance Test","interface-peer-discovery compliance tests","","","should not fail to stop the service if it was not started",""
"passed","Tue Oct 01 10:15:13 GMT 2024","Tue Oct 01 10:15:13 GMT 2024","0","getPeers","getPeers with varying maxBootstrapPeers","maxBootstrapPeers=7","","","numPeers=1 -- returns one bootstrap peer ",""
"passed","Tue Oct 01 10:12:19 GMT 2024","Tue Oct 01 10:12:19 GMT 2024","1","pubsubTopicToSingleShardInfo with various invalid formats","","","","","should throw an error for non-numeric shard: /waku/2/rs/1/!",""
"passed","Tue Oct 01 10:14:05 GMT 2024","Tue Oct 01 10:14:05 GMT 2024","0","Waku Filter V2 (Named sharding): Multiple PubsubTopics","","","","","Subscribe and receive messages on custom pubsubtopic",""
"passed","Tue Oct 01 10:12:47 GMT 2024","Tue Oct 01 10:12:47 GMT 2024","0","Local Storage Discovery","Unit Tests","","","","should handle corrupted local storage data gracefully",""
"passed","Tue Oct 01 10:12:58 GMT 2024","Tue Oct 01 10:12:58 GMT 2024","0","Message Validator","","","","","Rejects garbage",""
"passed","Tue Oct 01 10:17:20 GMT 2024","Tue Oct 01 10:17:20 GMT 2024","1","Metadata Protocol","connections","","","","same cluster, same shard: nodes connect",""
"passed","Tue Oct 01 10:17:58 GMT 2024","Tue Oct 01 10:17:58 GMT 2024","1","Waku Relay, Publish","","","","","Fails to publish message with size larger than 1 MB",""
"passed","Tue Oct 01 10:16:54 GMT 2024","Tue Oct 01 10:16:54 GMT 2024","1","Waku Filter V2: Subscribe: Single Service Node","","","","","Subscribe and receive 2 messages on the same topic",""
"passed","Tue Oct 01 10:12:35 GMT 2024","Tue Oct 01 10:12:35 GMT 2024","1","Ensures content topic is defined","","","","","Decoder throws on undefined content topic",""
"passed","Tue Oct 01 10:17:59 GMT 2024","Tue Oct 01 10:17:59 GMT 2024","0","Waku Light Push: Single Node","","","","","Push message with content topic containing shell command",""
"passed","Tue Oct 01 10:16:54 GMT 2024","Tue Oct 01 10:16:54 GMT 2024","0","Waku Filter V2: Subscribe: Single Service Node","","","","","Refresh subscription",""
"passed","Tue Oct 01 10:15:29 GMT 2024","Tue Oct 01 10:15:29 GMT 2024","0","Waku Filter V2: Unsubscribe: Multiple Nodes: Strict Checking: true","","","","","Unsubscribes all - node subscribed to 1 topic",""
"passed","Tue Oct 01 10:18:50 GMT 2024","Tue Oct 01 10:18:50 GMT 2024","0","Static Sharding: Running Nodes","Different clusters and shards","","","","shard 0",""
"passed","Tue Oct 01 10:18:31 GMT 2024","Tue Oct 01 10:18:31 GMT 2024","1","Autosharding: Running Nodes","Different clusters and topics","","","","Cluster ID 0 - Default/Global Cluster",""
"passed","Tue Oct 01 10:12:19 GMT 2024","Tue Oct 01 10:12:19 GMT 2024","0","ensureValidContentTopic","","","","","throws on content topic with empty encoding field",""
"passed","Tue Oct 01 10:19:23 GMT 2024","Tue Oct 01 10:19:23 GMT 2024","1","Waku Store, time filter","","","","","msgTime: 19000 ms from now, startTime: 18990, endTime: 19010",""
"passed","Tue Oct 01 10:16:58 GMT 2024","Tue Oct 01 10:16:58 GMT 2024","0","Node Health Status Matrix Tests","","","","","LightPush: 2 peers, Filter: 2 peers - Expected: SufficientlyHealthy",""
"passed","Tue Oct 01 10:18:19 GMT 2024","Tue Oct 01 10:18:19 GMT 2024","0","Waku Light Push: Multiple Nodes: Strict Check: true","","","","","Push message with content topic containing Russian",""
"passed","Tue Oct 01 10:17:12 GMT 2024","Tue Oct 01 10:17:12 GMT 2024","0","Waku Filter V2: FilterPush: Multiple Nodes: Strict Checking: true","","","","","Check received message containing JSON",""
"passed","Tue Oct 01 10:12:19 GMT 2024","Tue Oct 01 10:12:19 GMT 2024","0","contentTopicToPubsubTopic","","","","","should use the provided clusterId for the pubsub topic",""
"passed","Tue Oct 01 10:18:19 GMT 2024","Tue Oct 01 10:18:19 GMT 2024","1","Waku Light Push: Multiple Nodes: Strict Check: true","","","","","Push message with Chinese payload",""
"passed","Tue Oct 01 10:18:54 GMT 2024","Tue Oct 01 10:18:54 GMT 2024","0","Waku Store, cursor","","","","","Passing a valid cursor at 110 index when there are 120 messages",""
"passed","Tue Oct 01 10:19:29 GMT 2024","Tue Oct 01 10:19:29 GMT 2024","0","Waku Store, general","","","","","Callback on promise, aborts when callback returns true",""
"passed","Tue Oct 01 10:17:20 GMT 2024","Tue Oct 01 10:17:20 GMT 2024","5","Metadata Protocol","","","","","PeerStore has remote peer's shard info after successful connection",""
"passed","Tue Oct 01 10:15:07 GMT 2024","Tue Oct 01 10:15:07 GMT 2024","0","Waku Filter V2: FilterPush","","","","","Check received message containing shell command",""
"passed","Tue Oct 01 10:15:29 GMT 2024","Tue Oct 01 10:15:29 GMT 2024","1","Waku Filter V2: Unsubscribe: Multiple Nodes: Strict Checking: true","","","","","Unsubscribe 1 topic - node subscribed to 2 topics",""
"passed","Tue Oct 01 10:17:50 GMT 2024","Tue Oct 01 10:17:50 GMT 2024","2","Waku Relay, multiple pubsub topics","","","","","3 nodes on /waku/2/rs/3/1 topic",""
"passed","Tue Oct 01 10:18:31 GMT 2024","Tue Oct 01 10:18:31 GMT 2024","0","Autosharding: Running Nodes","Different clusters and topics","","","","random auto sharding 9 - Cluster ID: 10, Content Topic: /app92/9/topic647/json",""
"passed","Tue Oct 01 10:17:12 GMT 2024","Tue Oct 01 10:17:12 GMT 2024","2","Waku Filter V2: FilterPush: Multiple Nodes: Strict Checking: false","","","","","Check received message containing emoji",""
"passed","Tue Oct 01 10:12:35 GMT 2024","Tue Oct 01 10:12:35 GMT 2024","1","StreamManager","","","","","peer:update - should schedule stream creation IF protocol hit AND no stream found on connection",""
"passed","Tue Oct 01 10:18:12 GMT 2024","Tue Oct 01 10:18:12 GMT 2024","0","Waku Relay, Subscribe","","","","","Subscribe to topic containing emoji and publish message",""
"passed","Tue Oct 01 10:18:12 GMT 2024","Tue Oct 01 10:18:12 GMT 2024","3","Waku Relay, Subscribe","","","","","Subscribe to topic containing shell command and publish message",""
"passed","Tue Oct 01 10:12:55 GMT 2024","Tue Oct 01 10:12:55 GMT 2024","0","Ensures content topic is defined","","","","","Encoder throws on undefined content topic",""
"passed","Tue Oct 01 10:18:12 GMT 2024","Tue Oct 01 10:18:12 GMT 2024","0","Waku Relay, Subscribe","","","","","Subscribe to topic containing short and publish message",""
"passed","Tue Oct 01 10:16:58 GMT 2024","Tue Oct 01 10:16:58 GMT 2024","0","Node Health Status Matrix Tests","","","","","LightPush: 3 peers, Filter: 2 peers - Expected: SufficientlyHealthy",""
"passed","Tue Oct 01 10:16:54 GMT 2024","Tue Oct 01 10:16:54 GMT 2024","1","Waku Filter V2: Subscribe: Single Service Node","","","","","Subscribe to topic containing emoji and receive message",""
"passed","Tue Oct 01 10:15:07 GMT 2024","Tue Oct 01 10:15:07 GMT 2024","1","Waku Filter V2: FilterPush","","","","","Check message with invalid timestamp is not received",""
"passed","Tue Oct 01 10:12:27 GMT 2024","Tue Oct 01 10:12:27 GMT 2024","0","ENR waku2 codec","Decoding","","","","should be able to decode the field with only LIGHTPUSH set to true",""
"passed","Tue Oct 01 10:12:28 GMT 2024","Tue Oct 01 10:12:28 GMT 2024","0","ENR","Static tests","","","","should encode/decode to RLP encoding",""
"passed","Tue Oct 01 10:18:53 GMT 2024","Tue Oct 01 10:18:53 GMT 2024","1","Waku Filter V2: Subscribe: Multiple Service Nodes: Strict Check mode: false","","","","","Refresh subscription",""
"passed","Tue Oct 01 10:12:35 GMT 2024","Tue Oct 01 10:12:35 GMT 2024","0","filterPeersByDiscovery function","","","","","should return only bootstrap peers up to maxBootstrapPeers",""
"passed","Tue Oct 01 10:13:53 GMT 2024","Tue Oct 01 10:13:53 GMT 2024","4","Public methods","","","","","dispatchEvent via connectionManager",""
"passed","Tue Oct 01 10:14:05 GMT 2024","Tue Oct 01 10:14:05 GMT 2024","1","Waku Filter V2: Multiple PubsubTopics","","","","","Subscribe and receive messages on 2 different pubsubtopics",""
"passed","Tue Oct 01 10:12:19 GMT 2024","Tue Oct 01 10:12:19 GMT 2024","0","ensureShardingConfigured","","","","","handles empty contentTopics array correctly",""
"passed","Tue Oct 01 10:18:54 GMT 2024","Tue Oct 01 10:18:54 GMT 2024","0","Waku Store, cursor","","","","","Passing a valid cursor at 10 index when there are 40 messages",""
"passed","Tue Oct 01 10:13:53 GMT 2024","Tue Oct 01 10:13:53 GMT 2024","0","Public methods","","","","","addEventListener with wrong event",""
"passed","Tue Oct 01 10:15:29 GMT 2024","Tue Oct 01 10:15:29 GMT 2024","0","Waku Filter V2: Unsubscribe: Multiple Nodes: Strict Checking: true","","","","","Unsubscribes all - node subscribed to 10 topics",""
"passed","Tue Oct 01 10:15:29 GMT 2024","Tue Oct 01 10:15:29 GMT 2024","9","Waku Filter V2: Unsubscribe: Multiple Nodes: Strict Checking: false","","","","","Unsubscribes all - node subscribed to 1 topic",""
"passed","Tue Oct 01 10:18:53 GMT 2024","Tue Oct 01 10:18:53 GMT 2024","0","Waku Filter V2: Subscribe: Multiple Service Nodes: Strict Check mode: false","","","","","Subscribe to topic containing Arabic and receive message",""
"passed","Tue Oct 01 10:12:53 GMT 2024","Tue Oct 01 10:12:53 GMT 2024","1","Waku Encryption","","","","","Symmetric encrypt & Decrypt",""
"passed","Tue Oct 01 10:19:15 GMT 2024","Tue Oct 01 10:19:15 GMT 2024","1","Waku Store, custom pubsub topic","","","","","Generator, custom pubsub topic",""
"skipped","Tue Oct 01 10:15:07 GMT 2024","Tue Oct 01 10:15:07 GMT 2024","0","Waku Filter V2: FilterPush","","","","","Check message received after nwaku node is restarted",""
"passed","Tue Oct 01 10:13:59 GMT 2024","Tue Oct 01 10:13:59 GMT 2024","1","Waku Filter V2: Ping","","","","","Ping on peer without subscriptions",""
"passed","Tue Oct 01 10:13:14 GMT 2024","Tue Oct 01 10:13:14 GMT 2024","1","Events","peer:connect","","","","should emit `peer:connected:bootstrap` event when a peer is connected",""
"passed","Tue Oct 01 10:18:12 GMT 2024","Tue Oct 01 10:18:12 GMT 2024","5","Waku Relay, Subscribe","","","","","Mutual subscription",""
"passed","Tue Oct 01 10:17:22 GMT 2024","Tue Oct 01 10:17:22 GMT 2024","0","Waku Light Push : Multiple PubsubTopics","","","","","Light push messages to 2 nwaku nodes each with different pubsubtopics",""
"passed","Tue Oct 01 10:13:53 GMT 2024","Tue Oct 01 10:13:53 GMT 2024","1","Public methods","","","","","getPeersByDiscovery",""
"passed","Tue Oct 01 10:17:59 GMT 2024","Tue Oct 01 10:17:59 GMT 2024","0","Waku Light Push: Single Node","","","","","Push message with Russian payload",""
"passed","Tue Oct 01 10:18:53 GMT 2024","Tue Oct 01 10:18:53 GMT 2024","0","Waku Filter V2: Subscribe: Multiple Service Nodes: Strict Check mode: false","","","","","Error when try to subscribe to more than 101 topics (new limit)",""
"passed","Tue Oct 01 10:13:14 GMT 2024","Tue Oct 01 10:13:14 GMT 2024","0","Events","waku:connection","","","","should be online or offline if network state changed",""
"passed","Tue Oct 01 10:12:19 GMT 2024","Tue Oct 01 10:12:19 GMT 2024","0","contentTopicToShardIndex","","","","","should correctly map /0/toychat/2/huilong/proto to shard index 3",""
"passed","Tue Oct 01 10:13:25 GMT 2024","Tue Oct 01 10:13:25 GMT 2024","5","DNS Discovery: Compliance Test","interface-peer-discovery compliance tests","","","","can start the service",""
"passed","Tue Oct 01 10:19:04 GMT 2024","Tue Oct 01 10:19:04 GMT 2024","0","Waku Store, error handling","","","","","Query with Promise Callback, No message returned",""
"passed","Tue Oct 01 10:18:53 GMT 2024","Tue Oct 01 10:18:53 GMT 2024","0","Waku Filter V2: Subscribe: Multiple Service Nodes: Strict Check mode: false","","","","","Add multiple subscription objects on single nwaku node",""
"passed","Tue Oct 01 10:18:19 GMT 2024","Tue Oct 01 10:18:19 GMT 2024","0","Waku Light Push: Multiple Nodes: Strict Check: true","","","","","Push message with content topic containing SQL Injection",""
"passed","Tue Oct 01 10:12:47 GMT 2024","Tue Oct 01 10:12:47 GMT 2024","1","Local Storage Discovery","Compliance Tests","interface-peer-discovery compliance tests","","","can start and stop the service",""
"passed","Tue Oct 01 10:18:19 GMT 2024","Tue Oct 01 10:18:19 GMT 2024","1","Waku Light Push: Multiple Nodes: Strict Check: true","","","","","Fails to push message with large meta",""
"passed","Tue Oct 01 10:12:19 GMT 2024","Tue Oct 01 10:12:19 GMT 2024","1","shardInfoToPubsubTopics","","","","","should throw an error for missing required configuration",""
"passed","Tue Oct 01 10:16:54 GMT 2024","Tue Oct 01 10:16:54 GMT 2024","0","Waku Filter V2: Subscribe: Single Service Node","","","","","Subscribe and receive symmetrically encrypted messages via lightPush",""
"passed","Tue Oct 01 10:18:19 GMT 2024","Tue Oct 01 10:18:19 GMT 2024","1","Waku Light Push: Multiple Nodes: Strict Check: true","","","","","Fails to push message bigger that 1MB",""
"passed","Tue Oct 01 10:18:52 GMT 2024","Tue Oct 01 10:18:52 GMT 2024","8","Peer Exchange","Compliance Test","interface-peer-discovery compliance tests","","","should not fail to start the service if it is already started",""
"passed","Tue Oct 01 10:13:47 GMT 2024","Tue Oct 01 10:13:47 GMT 2024","1","Connection state","","","","","should emit `waku:offline` event only when all peers disconnect",""
"passed","Tue Oct 01 10:15:13 GMT 2024","Tue Oct 01 10:15:13 GMT 2024","1","getPeers","getPeers with varying maxBootstrapPeers","maxBootstrapPeers=3","","","numPeers=1 -- returns one bootstrap peer ",""
"passed","Tue Oct 01 10:15:13 GMT 2024","Tue Oct 01 10:15:13 GMT 2024","1","getPeers","getPeers with varying maxBootstrapPeers","maxBootstrapPeers=5","","","numPeers=1 -- returns one bootstrap peer ",""
"passed","Tue Oct 01 10:17:12 GMT 2024","Tue Oct 01 10:17:12 GMT 2024","1","Waku Filter V2: FilterPush: Multiple Nodes: Strict Checking: true","","","","","Check received message with timestamp: 1727777593220 ",""
"passed","Tue Oct 01 10:20:39 GMT 2024","Tue Oct 01 10:20:39 GMT 2024","0","Static Sharding: Peer Management","Peer Exchange","","","","all px service nodes subscribed to the shard topic should be dialed",""
"passed","Tue Oct 01 10:17:58 GMT 2024","Tue Oct 01 10:17:58 GMT 2024","1","Waku Relay, Publish","","","","","Check publish message containing unicode special characters",""
"passed","Tue Oct 01 10:13:20 GMT 2024","Tue Oct 01 10:13:20 GMT 2024","1","ENR Interop: ServiceNode","","","","","All",""
"passed","Tue Oct 01 10:12:19 GMT 2024","Tue Oct 01 10:12:19 GMT 2024","0","determinePubsubTopic","","","","","should fall back to default pubsub topic when pubsubTopicShardInfo is not provided",""
"passed","Tue Oct 01 10:19:04 GMT 2024","Tue Oct 01 10:19:04 GMT 2024","0","Waku Store, error handling","","","","","Query with Ordered Callback, No message returned",""
"passed","Tue Oct 01 10:17:59 GMT 2024","Tue Oct 01 10:17:59 GMT 2024","0","Waku Light Push: Single Node","","","","","Push message with Script payload",""
"passed","Tue Oct 01 10:18:53 GMT 2024","Tue Oct 01 10:18:53 GMT 2024","0","Waku Filter V2: Subscribe: Multiple Service Nodes: Strict Check mode: false","","","","","Subscribe to 100 topics (new limit) at once and receives messages",""
"passed","Tue Oct 01 10:18:50 GMT 2024","Tue Oct 01 10:18:50 GMT 2024","0","Static Sharding: Running Nodes","Different clusters and shards","","","","random static sharding 4 - Cluster ID: 296, Shard ID: 176",""
"passed","Tue Oct 01 10:12:28 GMT 2024","Tue Oct 01 10:12:28 GMT 2024","0","ENR","Verify","","","","should throw error - invalid id",""
"passed","Tue Oct 01 10:14:05 GMT 2024","Tue Oct 01 10:14:05 GMT 2024","0","Waku Filter V2 (Named sharding): Multiple PubsubTopics","","","","","Subscribe and receive messages from 2 nwaku nodes each with different pubsubtopics",""
"passed","Tue Oct 01 10:19:05 GMT 2024","Tue Oct 01 10:19:05 GMT 2024","1","Waku Store, order","","","","","Query Generator  - false",""
"passed","Tue Oct 01 10:17:59 GMT 2024","Tue Oct 01 10:17:59 GMT 2024","0","Waku Light Push: Single Node","","","","","Fails to push message bigger that 1MB",""
"passed","Tue Oct 01 10:18:19 GMT 2024","Tue Oct 01 10:18:19 GMT 2024","1","Waku Light Push: Multiple Nodes: Strict Check: true","","","","","Push message with rate limit",""
"passed","Tue Oct 01 10:12:19 GMT 2024","Tue Oct 01 10:12:19 GMT 2024","1","determinePubsubTopic","","","","","should return the pubsub topic directly if a string is provided",""
"passed","Tue Oct 01 10:18:19 GMT 2024","Tue Oct 01 10:18:19 GMT 2024","1","Waku Light Push: Multiple Nodes: Strict Check: true","","","","","Push message with content topic containing Chinese",""
"passed","Tue Oct 01 10:12:35 GMT 2024","Tue Oct 01 10:12:35 GMT 2024","0","selectOpenConnection","","","","","should select older connection if present",""
"passed","Tue Oct 01 10:13:58 GMT 2024","Tue Oct 01 10:13:58 GMT 2024","7","Waku Filter V2: Ping: Multiple Nodes: Strict Checking: false","","","","","Reopen subscription with peer with lost subscription",""
"passed","Tue Oct 01 10:15:13 GMT 2024","Tue Oct 01 10:15:13 GMT 2024","0","getPeers","getPeers with varying maxBootstrapPeers","maxBootstrapPeers=5","","","numPeers=2 -- returns total 2 peers, with max 5 bootstrap peers",""
"passed","Tue Oct 01 10:18:12 GMT 2024","Tue Oct 01 10:18:12 GMT 2024","1","Waku Relay, Subscribe","","","","","Subscribe one by one to 100 topics and publish messages",""
"passed","Tue Oct 01 10:18:39 GMT 2024","Tue Oct 01 10:18:39 GMT 2024","3","Peer Exchange","","","","","peerDiscovery without wakuPeerExchangeDiscovery",""
"passed","Tue Oct 01 10:12:19 GMT 2024","Tue Oct 01 10:12:19 GMT 2024","0","pubsubTopicToSingleShardInfo with various invalid formats","","","","","should throw an error for non-numeric clusterId: /waku/2/rs/!/1",""
"passed","Tue Oct 01 10:12:19 GMT 2024","Tue Oct 01 10:12:19 GMT 2024","1","pubsubTopicToSingleShardInfo with various invalid formats","","","","","should throw an error for non-numeric clusterId: /waku/2/rs/$/1",""
"passed","Tue Oct 01 10:12:19 GMT 2024","Tue Oct 01 10:12:19 GMT 2024","0","pubsubTopicToSingleShardInfo with various invalid formats","","","","","should throw an error for non-numeric clusterId: /waku/2/rs/x/1",""
"passed","Tue Oct 01 10:12:19 GMT 2024","Tue Oct 01 10:12:19 GMT 2024","0","pubsubTopicToSingleShardInfo with various invalid formats","","","","","should throw an error for non-numeric shard: /waku/2/rs/1/x",""
"passed","Tue Oct 01 10:18:50 GMT 2024","Tue Oct 01 10:18:50 GMT 2024","0","Static Sharding: Running Nodes","Different clusters and shards","","","","random static sharding 9 - Cluster ID: 963, Shard ID: 833",""
"passed","Tue Oct 01 10:18:31 GMT 2024","Tue Oct 01 10:18:31 GMT 2024","1","Autosharding: Running Nodes","Different clusters and topics","","","","random auto sharding 1 - Cluster ID: 10, Content Topic: /app32/3/topic939/test.js",""
"passed","Tue Oct 01 10:16:54 GMT 2024","Tue Oct 01 10:16:54 GMT 2024","0","Waku Filter V2: Subscribe: Single Service Node","","","","","Subscribe to topic containing short and receive message",""
"passed","Tue Oct 01 10:12:19 GMT 2024","Tue Oct 01 10:12:19 GMT 2024","0","contentTopicsByPubsubTopic","","","","","handles different networkShards values correctly",""
"passed","Tue Oct 01 10:18:53 GMT 2024","Tue Oct 01 10:18:53 GMT 2024","0","Waku Filter V2: Subscribe: Multiple Service Nodes: Strict Check mode: true","","","","","Add multiple subscription objects on single nwaku node",""
"passed","Tue Oct 01 10:17:12 GMT 2024","Tue Oct 01 10:17:12 GMT 2024","0","Waku Filter V2: FilterPush: Multiple Nodes: Strict Checking: false","","","","","Check received message containing shell command",""
"passed","Tue Oct 01 10:17:22 GMT 2024","Tue Oct 01 10:17:22 GMT 2024","0","Waku Light Push (Autosharding): Multiple PubsubTopics","","","","","Light push messages to 2 nwaku nodes each with different pubsubtopics",""
"passed","Tue Oct 01 10:12:27 GMT 2024","Tue Oct 01 10:12:27 GMT 2024","0","ENR waku2 codec","Encoding","","","","should be able to encode the field with only FILTER set to true",""
"passed","Tue Oct 01 10:12:19 GMT 2024","Tue Oct 01 10:12:19 GMT 2024","0","pubsubTopicToSingleShardInfo with various invalid formats","","","","","should throw an error for invalid PubsubTopic format: /waku/2/r/1/2",""
"passed","Tue Oct 01 10:14:28 GMT 2024","Tue Oct 01 10:14:28 GMT 2024","0","Waku Filter V2: Unsubscribe","","","","","Unsubscribes all - node subscribed to 10 topics",""
"passed","Tue Oct 01 10:15:13 GMT 2024","Tue Oct 01 10:15:13 GMT 2024","0","getPeers","getPeers with varying maxBootstrapPeers","maxBootstrapPeers=5","","","numPeers=4 -- returns total 4 peers, with max 5 bootstrap peers",""
"passed","Tue Oct 01 10:18:19 GMT 2024","Tue Oct 01 10:18:19 GMT 2024","0","Waku Light Push: Multiple Nodes: Strict Check: true","","","","","Push message with content topic containing short",""
"passed","Tue Oct 01 10:13:58 GMT 2024","Tue Oct 01 10:13:58 GMT 2024","5","Waku Filter V2: Ping: Multiple Nodes: Strict Checking: true","","","","","Ping on unsubscribed peer",""
"passed","Tue Oct 01 10:17:12 GMT 2024","Tue Oct 01 10:17:12 GMT 2024","0","Waku Filter V2: FilterPush: Multiple Nodes: Strict Checking: true","","","","","Check received message containing Russian",""
"passed","Tue Oct 01 10:15:07 GMT 2024","Tue Oct 01 10:15:07 GMT 2024","0","Waku Filter V2: FilterPush","","","","","Check received message containing Chinese",""
"passed","Tue Oct 01 10:18:54 GMT 2024","Tue Oct 01 10:18:54 GMT 2024","1","Waku Store, cursor","","","","","Passing a valid cursor at 19 index when there are 20 messages",""
"passed","Tue Oct 01 10:12:19 GMT 2024","Tue Oct 01 10:12:19 GMT 2024","0","contentTopicToShardIndex","","","","","should correctly map /app/22/sometopic/someencoding to shard index 2",""
"passed","Tue Oct 01 10:12:35 GMT 2024","Tue Oct 01 10:12:35 GMT 2024","1","Sets sharding configuration correctly","","","","","uses static shard pubsub topic instead of autosharding when set",""
"passed","Tue Oct 01 10:15:07 GMT 2024","Tue Oct 01 10:15:07 GMT 2024","5","Waku Filter V2: FilterPush","","","","","Check received message containing escaped characters",""
"passed","Tue Oct 01 10:19:14 GMT 2024","Tue Oct 01 10:19:14 GMT 2024","2","Waku Store, sorting","","","","","Query Generator sorting by timestamp while page direction is false",""
"passed","Tue Oct 01 10:12:19 GMT 2024","Tue Oct 01 10:12:19 GMT 2024","0","pubsubTopicToSingleShardInfo with various invalid formats","","","","","should throw an error for invalid PubsubTopic format: /incorrect/format",""
"passed","Tue Oct 01 10:15:13 GMT 2024","Tue Oct 01 10:15:13 GMT 2024","0","getPeers","getPeers with varying maxBootstrapPeers","maxBootstrapPeers=7","","","numPeers=3 -- returns total 3 peers, with max 7 bootstrap peers",""
"passed","Tue Oct 01 10:12:28 GMT 2024","Tue Oct 01 10:12:28 GMT 2024","1","ENR","waku2 key round trip","","","","should set field with all protocols disabled",""
"passed","Tue Oct 01 10:19:15 GMT 2024","Tue Oct 01 10:19:15 GMT 2024","0","Waku Store (named sharding), custom pubsub topic","","","","","Generator, custom pubsub topic",""
"passed","Tue Oct 01 10:19:15 GMT 2024","Tue Oct 01 10:19:15 GMT 2024","2","Waku Store (named sharding), custom pubsub topic","","","","","Generator, 2 different pubsubtopics",""
"passed","Tue Oct 01 10:12:43 GMT 2024","Tue Oct 01 10:12:43 GMT 2024","0","DNS Node Discovery","","","","","ignores domain fetching errors",""
"passed","Tue Oct 01 10:17:40 GMT 2024","Tue Oct 01 10:17:40 GMT 2024","0","Waku Relay, Interop","","","","","Publishes to nwaku",""
"passed","Tue Oct 01 10:15:13 GMT 2024","Tue Oct 01 10:15:13 GMT 2024","1","getConnectedPeersForProtocolAndShard","","","","","different cluster, same shard: nodes don't connect (autosharding)",""
"passed","Tue Oct 01 10:12:28 GMT 2024","Tue Oct 01 10:12:28 GMT 2024","0","ENR","waku2 key round trip","","","","should set field with all protocols enabled",""
"passed","Tue Oct 01 10:12:43 GMT 2024","Tue Oct 01 10:12:43 GMT 2024","0","DNS Node Discovery","","","","","it tolerates circular branch references",""
"passed","Tue Oct 01 10:18:50 GMT 2024","Tue Oct 01 10:18:50 GMT 2024","1","Static Sharding: Running Nodes","Different clusters and shards","","","","random static sharding 7 - Cluster ID: 855, Shard ID: 397",""
"passed","Tue Oct 01 10:17:59 GMT 2024","Tue Oct 01 10:17:59 GMT 2024","1","Waku Light Push: Single Node","","","","","Push message with unicode special characters payload",""
"passed","Tue Oct 01 10:17:20 GMT 2024","Tue Oct 01 10:17:20 GMT 2024","1","Peer Exchange Continuous Discovery","","","","","Should update shard info",""
"passed","Tue Oct 01 10:15:45 GMT 2024","Tue Oct 01 10:15:45 GMT 2024","1","Health Manager","Should update the health status for protocols","","","","LightPush with 1 connections",""
"passed","Tue Oct 01 10:17:58 GMT 2024","Tue Oct 01 10:17:58 GMT 2024","2","Waku Relay, Publish","","","","","Publish message with custom timestamp: Sun Dec 17 1995 03:24:00 GMT+0000 (Coordinated Universal Time)",""
"passed","Tue Oct 01 10:18:19 GMT 2024","Tue Oct 01 10:18:19 GMT 2024","1","Waku Light Push: Multiple Nodes: Strict Check: true","","","","","Push message with content topic containing shell command",""
"passed","Tue Oct 01 10:18:53 GMT 2024","Tue Oct 01 10:18:53 GMT 2024","0","Waku Filter V2: Subscribe: Multiple Service Nodes: Strict Check mode: false","","","","","Renews subscription after lossing a connection",""
"passed","Tue Oct 01 10:18:53 GMT 2024","Tue Oct 01 10:18:53 GMT 2024","0","Waku Filter V2: Subscribe: Multiple Service Nodes: Strict Check mode: true","","","","","Subscribe to topic containing emoji and receive message",""
"passed","Tue Oct 01 10:16:58 GMT 2024","Tue Oct 01 10:16:58 GMT 2024","3","This","Is","","","","A test",""
"passed","Tue Oct 01 10:15:13 GMT 2024","Tue Oct 01 10:15:13 GMT 2024","0","getPeers","getPeers with varying maxBootstrapPeers","maxBootstrapPeers=4","","","numPeers=2 -- returns total 2 peers, with max 4 bootstrap peers",""
"passed","Tue Oct 01 10:12:55 GMT 2024","Tue Oct 01 10:12:55 GMT 2024","0","Ecies Encryption","","","","","Round trip binary encryption [ecies, signature]",""
"passed","Tue Oct 01 10:18:53 GMT 2024","Tue Oct 01 10:18:53 GMT 2024","0","Waku Filter V2: Subscribe: Multiple Service Nodes: Strict Check mode: true","","","","","Subscribe to topic containing special chars and receive message",""
"passed","Tue Oct 01 10:12:35 GMT 2024","Tue Oct 01 10:12:35 GMT 2024","1","filterPeersByDiscovery function","","","","","should return one bootstrap peer, and all non-boostrap peers, when numPeers is 0 & maxBootstrap is 1",""
"passed","Tue Oct 01 10:14:28 GMT 2024","Tue Oct 01 10:14:28 GMT 2024","1","Waku Filter V2: Unsubscribe","","","","","Unsubscribe 1 topic - node subscribed to 2 topics",""
"passed","Tue Oct 01 10:16:58 GMT 2024","Tue Oct 01 10:16:58 GMT 2024","2","Node Health Status Matrix Tests","","","","","LightPush: 3 peers, Filter: 0 peers - Expected: Unhealthy",""
"passed","Tue Oct 01 10:12:53 GMT 2024","Tue Oct 01 10:12:53 GMT 2024","1","Ensures content topic is defined","","","","","Decoder throws on empty string content topic",""
"passed","Tue Oct 01 10:12:19 GMT 2024","Tue Oct 01 10:12:19 GMT 2024","0","pushOrInitMapSet","","","","","Push to array if already present",""
"passed","Tue Oct 01 10:17:12 GMT 2024","Tue Oct 01 10:17:12 GMT 2024","0","Waku Filter V2: FilterPush: Multiple Nodes: Strict Checking: true","","","","","Check received message containing long",""
"passed","Tue Oct 01 10:12:43 GMT 2024","Tue Oct 01 10:12:43 GMT 2024","1","ENRTree","","","","","ENRTree (tree): should error if DNS tree entry is mis-prefixed",""
"passed","Tue Oct 01 10:17:12 GMT 2024","Tue Oct 01 10:17:12 GMT 2024","0","Waku Filter V2: FilterPush: Multiple Nodes: Strict Checking: false","","","","","Check message with non string payload is not received",""
"passed","Tue Oct 01 10:15:07 GMT 2024","Tue Oct 01 10:15:07 GMT 2024","2","Waku Filter V2: FilterPush","","","","","Check received message containing long",""
"passed","Tue Oct 01 10:12:22 GMT 2024","Tue Oct 01 10:12:22 GMT 2024","1","RFC Test Vectors","","","","","Waku message hash computation (no timestamp)",""
"passed","Tue Oct 01 10:13:53 GMT 2024","Tue Oct 01 10:13:53 GMT 2024","2","Public methods","","","","","safeDispatchEvent",""
"passed","Tue Oct 01 10:18:53 GMT 2024","Tue Oct 01 10:18:53 GMT 2024","0","Waku Filter V2: Subscribe: Multiple Service Nodes: Strict Check mode: false","","","","","Subscribe and receive symmetrically encrypted messages via lightPush",""
"passed","Tue Oct 01 10:18:12 GMT 2024","Tue Oct 01 10:18:12 GMT 2024","3","Waku Relay, Subscribe","","","","","Publish without waiting for remote peer",""
"passed","Tue Oct 01 10:12:19 GMT 2024","Tue Oct 01 10:12:19 GMT 2024","0","ensureValidContentTopic","","","","","throws on content topic with too few or too many fields",""
"passed","Tue Oct 01 10:18:53 GMT 2024","Tue Oct 01 10:18:53 GMT 2024","4","Waku Filter V2: Subscribe: Multiple Service Nodes: Strict Check mode: false","","","","","Subscribe to topic containing Russian and receive message",""
"passed","Tue Oct 01 10:15:07 GMT 2024","Tue Oct 01 10:15:07 GMT 2024","3","Waku Filter V2: FilterPush","","","","","Check received message with timestamp: 1727777592911 ",""
"passed","Tue Oct 01 10:20:39 GMT 2024","Tue Oct 01 10:20:39 GMT 2024","0","Autosharding: Peer Management","Peer Exchange","","","","all px service nodes subscribed to the shard topic should be dialed",""
"passed","Tue Oct 01 10:19:05 GMT 2024","Tue Oct 01 10:19:05 GMT 2024","1","Waku Store, order","","","","","Query Generator  - true",""
"passed","Tue Oct 01 10:12:19 GMT 2024","Tue Oct 01 10:12:19 GMT 2024","0","pubsubTopicToSingleShardInfo with various invalid formats","","","","","should extract SingleShardInfo from a valid PubsubTopic",""
"passed","Tue Oct 01 10:19:34 GMT 2024","Tue Oct 01 10:19:34 GMT 2024","1","Wait for remote peer","","","","","Relay - times out",""
"passed","Tue Oct 01 10:18:52 GMT 2024","Tue Oct 01 10:18:52 GMT 2024","3","Peer Exchange","Compliance Test","interface-peer-discovery compliance tests","","","should not receive a peer event after stop",""
"passed","Tue Oct 01 10:12:27 GMT 2024","Tue Oct 01 10:12:27 GMT 2024","2","ENR waku2 codec","Encoding","","","","should be able to encode the field with ALL protocols set to false",""
"passed","Tue Oct 01 10:16:54 GMT 2024","Tue Oct 01 10:16:54 GMT 2024","1","Waku Filter V2: Subscribe: Single Service Node","","","","","Subscribe to topic containing special chars and receive message",""
"passed","Tue Oct 01 10:13:47 GMT 2024","Tue Oct 01 10:13:47 GMT 2024","1","Connection state","","","","","`waku:online` between 2 js-waku relay nodes",""
"passed","Tue Oct 01 10:14:05 GMT 2024","Tue Oct 01 10:14:05 GMT 2024","2","Waku Filter V2 (Autosharding): Multiple PubsubTopics","","","","","Subscribe and receive messages on autosharded pubsubtopic",""
"passed","Tue Oct 01 10:18:19 GMT 2024","Tue Oct 01 10:18:19 GMT 2024","3","Waku Light Push: Multiple Nodes: Strict Check: true","","","","","Push message with Arabic payload",""
"passed","Tue Oct 01 10:15:45 GMT 2024","Tue Oct 01 10:15:45 GMT 2024","1","Health Manager","Should update the health status for protocols","","","","LightPush with 2 connections",""
"passed","Tue Oct 01 10:15:07 GMT 2024","Tue Oct 01 10:15:07 GMT 2024","0","Waku Filter V2: FilterPush","","","","","Check received message containing special chars",""
"passed","Tue Oct 01 10:12:35 GMT 2024","Tue Oct 01 10:12:35 GMT 2024","0","selectOpenConnection","","","","","returns only open connection if one present",""
"passed","Tue Oct 01 10:18:31 GMT 2024","Tue Oct 01 10:18:31 GMT 2024","0","Autosharding: Running Nodes","Different clusters and topics","","","","random auto sharding 2 - Cluster ID: 10, Content Topic: /app3/6/topic746/json",""
"passed","Tue Oct 01 10:15:13 GMT 2024","Tue Oct 01 10:15:13 GMT 2024","1","getPeers","getPeers with varying maxBootstrapPeers","maxBootstrapPeers=1","","","numPeers=4 -- returns total 4 peers, with max 1 bootstrap peers",""
"passed","Tue Oct 01 10:18:12 GMT 2024","Tue Oct 01 10:18:12 GMT 2024","1","Waku Relay, Subscribe","","","","","Subscribe to topic containing long and publish message",""
"passed","Tue Oct 01 10:14:05 GMT 2024","Tue Oct 01 10:14:05 GMT 2024","1","Waku Filter V2 (Named sharding): Multiple PubsubTopics","","","","","Should fail to subscribe with decoder with wrong pubsubTopic",""
"passed","Tue Oct 01 10:12:28 GMT 2024","Tue Oct 01 10:12:28 GMT 2024","0","ENR","Verify","","","","should throw error - no id",""
"passed","Tue Oct 01 10:12:19 GMT 2024","Tue Oct 01 10:12:19 GMT 2024","1","pubsubTopicToSingleShardInfo with various invalid formats","","","","","should throw an error for invalid PubsubTopic format: /waku/2/rs/1/2/extra",""
"passed","Tue Oct 01 10:15:45 GMT 2024","Tue Oct 01 10:15:45 GMT 2024","0","Health Manager","Should update the health status for protocols","","","","LightPush with 0 connections",""
"passed","Tue Oct 01 10:15:13 GMT 2024","Tue Oct 01 10:15:13 GMT 2024","0","getPeers","getPeers with varying maxBootstrapPeers","maxBootstrapPeers=1","","","numPeers=1 -- returns one bootstrap peer ",""
"passed","Tue Oct 01 10:17:50 GMT 2024","Tue Oct 01 10:17:50 GMT 2024","1","Waku Relay, multiple pubsub topics","","","","","3 nodes on /waku/2/rs/3/2 topic",""
"passed","Tue Oct 01 10:12:19 GMT 2024","Tue Oct 01 10:12:19 GMT 2024","0","contentTopicToShardIndex","","","","","should correctly map /app/29/sometopic/someencoding to shard index 6",""
"passed","Tue Oct 01 10:12:28 GMT 2024","Tue Oct 01 10:12:28 GMT 2024","0","ENR","waku2 key round trip","","","","should set field with only FILTER enabled",""
"passed","Tue Oct 01 10:17:12 GMT 2024","Tue Oct 01 10:17:12 GMT 2024","0","Waku Filter V2: FilterPush: Multiple Nodes: Strict Checking: false","","","","","Check message with no content topic is not received",""
"passed","Tue Oct 01 10:18:50 GMT 2024","Tue Oct 01 10:18:50 GMT 2024","0","Static Sharding: Running Nodes","Different clusters and shards","","","","random static sharding 6 - Cluster ID: 739, Shard ID: 524",""
"passed","Tue Oct 01 10:18:12 GMT 2024","Tue Oct 01 10:18:12 GMT 2024","0","Waku Relay, Subscribe","","","","","Subscribe to topic containing JSON and publish message",""
"passed","Tue Oct 01 10:17:12 GMT 2024","Tue Oct 01 10:17:12 GMT 2024","0","Waku Filter V2: FilterPush: Multiple Nodes: Strict Checking: true","","","","","Check message with invalid timestamp is not received",""
"passed","Tue Oct 01 10:18:31 GMT 2024","Tue Oct 01 10:18:31 GMT 2024","0","Autosharding: Running Nodes","Different clusters and topics","","","","random auto sharding 3 - Cluster ID: 10, Content Topic: /app37/10/topic962/xml",""
"passed","Tue Oct 01 10:17:12 GMT 2024","Tue Oct 01 10:17:12 GMT 2024","3","Waku Filter V2: FilterPush: Multiple Nodes: Strict Checking: false","","","","","Check message with invalid timestamp is not received",""
"passed","Tue Oct 01 10:15:13 GMT 2024","Tue Oct 01 10:15:13 GMT 2024","0","getPeers","getPeers with varying maxBootstrapPeers","maxBootstrapPeers=4","","","numPeers=3 -- returns total 3 peers, with max 4 bootstrap peers",""
"passed","Tue Oct 01 10:18:53 GMT 2024","Tue Oct 01 10:18:53 GMT 2024","0","Waku Filter V2: Subscribe: Multiple Service Nodes: Strict Check mode: true","","","","","Subscribe to topic containing JSON and receive message",""
"passed","Tue Oct 01 10:18:19 GMT 2024","Tue Oct 01 10:18:19 GMT 2024","3","Waku Light Push: Multiple Nodes: Strict Check: true","","","","","Push 30 different messages",""
"passed","Tue Oct 01 10:17:22 GMT 2024","Tue Oct 01 10:17:22 GMT 2024","0","Waku Light Push (named sharding): Multiple PubsubTopics","","","","","Push message on custom pubsubTopic",""
"passed","Tue Oct 01 10:14:21 GMT 2024","Tue Oct 01 10:14:21 GMT 2024","0","Waku Filter: Peer Management: E2E","","","","","Ping succeeds for all connected peers",""
"passed","Tue Oct 01 10:15:07 GMT 2024","Tue Oct 01 10:15:07 GMT 2024","0","Waku Filter V2: FilterPush","","","","","Check received message with timestamp: 1949153314000 ",""
"passed","Tue Oct 01 10:12:58 GMT 2024","Tue Oct 01 10:12:58 GMT 2024","1","Message Validator","","","","","Accepts a valid Waku Message",""
"passed","Tue Oct 01 10:19:14 GMT 2024","Tue Oct 01 10:19:14 GMT 2024","0","Waku Store, sorting","","","","","Ordered Callback sorting by timestamp while page direction is true",""
"passed","Tue Oct 01 10:15:29 GMT 2024","Tue Oct 01 10:15:29 GMT 2024","0","Waku Filter V2: Unsubscribe: Multiple Nodes: Strict Checking: false","","","","","Unsubscribe 1 topic - node subscribed to 2 topics",""
"passed","Tue Oct 01 10:18:53 GMT 2024","Tue Oct 01 10:18:53 GMT 2024","1","Waku Filter V2: Subscribe: Multiple Service Nodes: Strict Check mode: true","","","","","Subscribe and receive symmetrically encrypted messages via lightPush",""
"passed","Tue Oct 01 10:18:53 GMT 2024","Tue Oct 01 10:18:53 GMT 2024","1","Waku Filter V2: Subscribe: Multiple Service Nodes: Strict Check mode: true","","","","","Subscribe to topic containing Chinese and receive message",""
"passed","Tue Oct 01 10:12:35 GMT 2024","Tue Oct 01 10:12:35 GMT 2024","0","filterPeersByDiscovery function","","","","","should return all non-bootstrap peers and no bootstrap peer when numPeers is 0 and maxBootstrapPeers is 0",""
"passed","Tue Oct 01 10:15:29 GMT 2024","Tue Oct 01 10:15:29 GMT 2024","1","Waku Filter V2: Unsubscribe: Multiple Nodes: Strict Checking: true","","","","","Unsubscribe 1 topic - node subscribed to 1 topic",""
"passed","Tue Oct 01 10:15:07 GMT 2024","Tue Oct 01 10:15:07 GMT 2024","0","Waku Filter V2: FilterPush","","","","","Check message with no payload is not received",""
"passed","Tue Oct 01 10:12:22 GMT 2024","Tue Oct 01 10:12:22 GMT 2024","0","RFC Test Vectors","","","","","Waku message hash computation (meta size of 64 bytes)",""
"passed","Tue Oct 01 10:12:43 GMT 2024","Tue Oct 01 10:12:43 GMT 2024","1","DNS Node Discovery","","","","","retrieves a single peer",""
"skipped","Tue Oct 01 10:17:12 GMT 2024","Tue Oct 01 10:17:12 GMT 2024","0","Waku Filter V2: FilterPush: Multiple Nodes: Strict Checking: false","","","","","Check message received after jswaku node is restarted",""
"passed","Tue Oct 01 10:17:59 GMT 2024","Tue Oct 01 10:17:59 GMT 2024","0","Waku Light Push: Single Node","","","","","Push 30 different messages",""
"passed","Tue Oct 01 10:12:43 GMT 2024","Tue Oct 01 10:12:43 GMT 2024","0","Fetch nodes until capabilities are fulfilled","","","","","1 Store, 2 relays, 2 fetches",""
"passed","Tue Oct 01 10:15:07 GMT 2024","Tue Oct 01 10:15:07 GMT 2024","1","Waku Filter V2: FilterPush","","","","","Check received message containing unicode special characters",""
"passed","Tue Oct 01 10:18:12 GMT 2024","Tue Oct 01 10:18:12 GMT 2024","1","Waku Relay, Subscribe","","","","","Subscribe to topic containing special chars and publish message",""
"passed","Tue Oct 01 10:18:12 GMT 2024","Tue Oct 01 10:18:12 GMT 2024","0","Waku Relay, Subscribe","","","","","Subscribe to topic containing Script and publish message",""
"passed","Tue Oct 01 10:15:13 GMT 2024","Tue Oct 01 10:15:13 GMT 2024","1","getPeers","getPeers with varying maxBootstrapPeers","maxBootstrapPeers=6","","","numPeers=1 -- returns one bootstrap peer ",""
"passed","Tue Oct 01 10:19:14 GMT 2024","Tue Oct 01 10:19:14 GMT 2024","1","Waku Store, page size","","","","","Passing page size 10 when there are 10 messages",""
"passed","Tue Oct 01 10:15:13 GMT 2024","Tue Oct 01 10:15:13 GMT 2024","0","getPeers","getPeers with varying maxBootstrapPeers","maxBootstrapPeers=4","","","numPeers=0 -- returns all peers including all non-bootstrap with maxBootstrapPeers: 4",""
"passed","Tue Oct 01 10:17:22 GMT 2024","Tue Oct 01 10:17:22 GMT 2024","1","Waku Light Push (named sharding): Multiple PubsubTopics","","","","","Light push messages to 2 nwaku nodes each with different pubsubtopics",""
"skipped","Tue Oct 01 10:18:12 GMT 2024","Tue Oct 01 10:18:12 GMT 2024","1","Waku Relay, Subscribe","","","","","Refresh subscription",""
"passed","Tue Oct 01 10:17:59 GMT 2024","Tue Oct 01 10:17:59 GMT 2024","0","Waku Light Push: Single Node","","","","","Push message with long payload",""
"passed","Tue Oct 01 10:12:28 GMT 2024","Tue Oct 01 10:12:28 GMT 2024","0","ENR","Multiaddr getters and setters","","","","should get / set TCP multiaddr",""
"passed","Tue Oct 01 10:17:59 GMT 2024","Tue Oct 01 10:17:59 GMT 2024","1","Waku Light Push: Single Node","","","","","Push message with content topic containing long",""
"passed","Tue Oct 01 10:15:13 GMT 2024","Tue Oct 01 10:15:13 GMT 2024","0","getPeers","getPeers with varying maxBootstrapPeers","maxBootstrapPeers=3","","","numPeers=2 -- returns total 2 peers, with max 3 bootstrap peers",""
"passed","Tue Oct 01 10:18:19 GMT 2024","Tue Oct 01 10:18:19 GMT 2024","1","Waku Light Push: Multiple Nodes: Strict Check: true","","","","","Push message with content topic containing unicode special characters",""
"passed","Tue Oct 01 10:16:54 GMT 2024","Tue Oct 01 10:16:54 GMT 2024","0","Waku Filter V2: Subscribe: Single Service Node","","","","","Overlapping topic subscription",""
"passed","Tue Oct 01 10:13:47 GMT 2024","Tue Oct 01 10:13:47 GMT 2024","0","Connection state","","","","","isConnected between 2 js-waku relay nodes",""
"passed","Tue Oct 01 10:17:58 GMT 2024","Tue Oct 01 10:17:58 GMT 2024","0","Waku Relay, Publish","","","","","Check publish message containing JSON",""
"passed","Tue Oct 01 10:18:53 GMT 2024","Tue Oct 01 10:18:53 GMT 2024","0","Waku Filter V2: Subscribe: Multiple Service Nodes: Strict Check mode: false","","","","","Subscribe to topic containing Chinese and receive message",""
"passed","Tue Oct 01 10:12:43 GMT 2024","Tue Oct 01 10:12:43 GMT 2024","1","ENRTree","","","","","ENRTree (branch): should error if DNS branch entry is mis-prefixed",""
"passed","Tue Oct 01 10:19:05 GMT 2024","Tue Oct 01 10:19:05 GMT 2024","1","Waku Store, order","","","","","Promise Callback  - false",""
"passed","Tue Oct 01 10:12:43 GMT 2024","Tue Oct 01 10:12:43 GMT 2024","1","DNS Node Discovery","","","","","recovers when dns.resolve returns empty",""
"passed","Tue Oct 01 10:12:19 GMT 2024","Tue Oct 01 10:12:19 GMT 2024","1","contentTopicToPubsubTopic","","","","","should correctly map a content topic to a pubsub topic for different network shard sizes",""
"passed","Tue Oct 01 10:13:25 GMT 2024","Tue Oct 01 10:13:25 GMT 2024","1","DNS Discovery: Compliance Test","interface-peer-discovery compliance tests","","","","should not fail to stop the service if it was not started",""
"passed","Tue Oct 01 10:13:21 GMT 2024","Tue Oct 01 10:13:21 GMT 2024","0","Dials","dialPeer method","For peer-exchange peers","","","should be called for peers with PEER_EXCHANGE tags",""
"passed","Tue Oct 01 10:17:12 GMT 2024","Tue Oct 01 10:17:12 GMT 2024","0","Waku Filter V2: FilterPush: Multiple Nodes: Strict Checking: false","","","","","Check received message containing unicode special characters",""
"passed","Tue Oct 01 10:17:12 GMT 2024","Tue Oct 01 10:17:12 GMT 2024","1","Waku Filter V2: FilterPush: Multiple Nodes: Strict Checking: false","","","","","Check received message containing SQL Injection",""
"passed","Tue Oct 01 10:19:15 GMT 2024","Tue Oct 01 10:19:15 GMT 2024","0","Waku Store, custom pubsub topic","","","","","Generator, 2 nwaku nodes each with different pubsubtopics",""
"passed","Tue Oct 01 10:17:58 GMT 2024","Tue Oct 01 10:17:58 GMT 2024","0","Waku Relay, Publish","","","","","Check publish message containing Russian",""
"passed","Tue Oct 01 10:13:14 GMT 2024","Tue Oct 01 10:13:14 GMT 2024","1","Events","waku:connection","","","","should emit events and trasition isConnected state when has peers or no peers",""
"passed","Tue Oct 01 10:12:19 GMT 2024","Tue Oct 01 10:12:19 GMT 2024","0","ensurePubsubTopicIsConfigured","","","","","should throw an error for an unconfigured topic",""
"passed","Tue Oct 01 10:15:07 GMT 2024","Tue Oct 01 10:15:07 GMT 2024","0","Waku Filter V2: FilterPush","","","","","Check message with no pubsub topic is not received",""
"passed","Tue Oct 01 10:18:19 GMT 2024","Tue Oct 01 10:18:19 GMT 2024","2","Waku Light Push: Multiple Nodes: Strict Check: true","","","","","Fails to push message with empty content topic",""
"passed","Tue Oct 01 10:17:59 GMT 2024","Tue Oct 01 10:17:59 GMT 2024","1","Waku Light Push: Single Node","","","","","Push message with JSON payload",""
"passed","Tue Oct 01 10:18:53 GMT 2024","Tue Oct 01 10:18:53 GMT 2024","0","Waku Filter V2: Subscribe: Multiple Service Nodes: Strict Check mode: false","","","","","Subscribe to topic containing XML and receive message",""
"passed","Tue Oct 01 10:16:54 GMT 2024","Tue Oct 01 10:16:54 GMT 2024","0","Waku Filter V2: Subscribe: Single Service Node","","","","","Subscribe to topic containing Russian and receive message",""
"broken","Tue Oct 01 10:16:54 GMT 2024","Tue Oct 01 10:16:54 GMT 2024","1","Waku Filter V2: Subscribe: Single Service Node","","","","","Subscribe to 100 topics (new limit) at once and receives messages",""
"passed","Tue Oct 01 10:15:29 GMT 2024","Tue Oct 01 10:15:29 GMT 2024","1","Waku Filter V2: Unsubscribe: Multiple Nodes: Strict Checking: false","","","","","Unsubscribe 1 topic - node subscribed to 1 topic",""
"passed","Tue Oct 01 10:16:54 GMT 2024","Tue Oct 01 10:16:54 GMT 2024","0","Waku Filter V2: Subscribe: Single Service Node","","","","","Subscribe and receive messages on 2 different content topics",""
"passed","Tue Oct 01 10:12:27 GMT 2024","Tue Oct 01 10:12:27 GMT 2024","0","ENR waku2 codec","Decoding","","","","should be able to decode the field with ALL protocols set to false",""
"passed","Tue Oct 01 10:14:21 GMT 2024","Tue Oct 01 10:14:21 GMT 2024","1","Waku Filter: Peer Management: E2E","","","","","Renews peer on consistent ping failures",""
"passed","Tue Oct 01 10:13:58 GMT 2024","Tue Oct 01 10:13:58 GMT 2024","1","Waku Filter V2: Ping: Multiple Nodes: Strict Checking: true","","","","","Ping on subscribed peer",""
"passed","Tue Oct 01 10:12:28 GMT 2024","Tue Oct 01 10:12:28 GMT 2024","0","ENR","Txt codec","","","","should decode valid ENR with multiaddrs successfully [shared test vector]",""
"passed","Tue Oct 01 10:13:47 GMT 2024","Tue Oct 01 10:13:47 GMT 2024","1","Connection state","","","","","isConnected should return true after first peer connects",""
"passed","Tue Oct 01 10:13:21 GMT 2024","Tue Oct 01 10:13:21 GMT 2024","19","Dials","dialPeer method","For bootstrap peers","","","should not be called more than DEFAULT_MAX_BOOTSTRAP_PEERS_ALLOWED times for bootstrap peers",""
"passed","Tue Oct 01 10:16:54 GMT 2024","Tue Oct 01 10:16:54 GMT 2024","0","Waku Filter V2: Subscribe: Single Service Node","","","","","Add multiple subscription objects on single nwaku node",""
"passed","Tue Oct 01 10:12:28 GMT 2024","Tue Oct 01 10:12:28 GMT 2024","0","ENR","Location multiaddr","","","","should properly create location multiaddrs - udp6",""
"passed","Tue Oct 01 10:12:19 GMT 2024","Tue Oct 01 10:12:19 GMT 2024","1","pushOrInitMapSet","","","","","Init the array if not present",""
"passed","Tue Oct 01 10:13:47 GMT 2024","Tue Oct 01 10:13:47 GMT 2024","0","Connection state","","","","","isConnected return false after peer stops",""
"passed","Tue Oct 01 10:18:19 GMT 2024","Tue Oct 01 10:18:19 GMT 2024","0","Waku Light Push: Multiple Nodes: Strict Check: true","","","","","Push message with XML payload",""
"skipped","Tue Oct 01 10:12:43 GMT 2024","Tue Oct 01 10:12:43 GMT 2024","0","DNS Node Discovery [live data]","","","","","should retrieve 3 multiaddrs for test.waku.nodes.status.im",""
"passed","Tue Oct 01 10:12:19 GMT 2024","Tue Oct 01 10:12:19 GMT 2024","1","contentTopicsByPubsubTopic","","","","","throws an error for improperly formatted content topics",""
"passed","Tue Oct 01 10:18:50 GMT 2024","Tue Oct 01 10:18:50 GMT 2024","0","Static Sharding: Running Nodes","Others","","","","using a protocol with unconfigured pubsub topic should fail",""
"passed","Tue Oct 01 10:13:25 GMT 2024","Tue Oct 01 10:13:25 GMT 2024","0","DNS Discovery: Compliance Test","interface-peer-discovery compliance tests","","","","can start and stop the service",""
"passed","Tue Oct 01 10:17:58 GMT 2024","Tue Oct 01 10:17:58 GMT 2024","1","Waku Relay, Publish","","","","","Check publish message containing shell command",""
"passed","Tue Oct 01 10:13:59 GMT 2024","Tue Oct 01 10:13:59 GMT 2024","2","Waku Filter V2: Ping","","","","","Ping on subscribed peer",""
"passed","Tue Oct 01 10:19:04 GMT 2024","Tue Oct 01 10:19:04 GMT 2024","1","Waku Store, error handling","","","","","Query Generator, Multiple PubsubTopics",""
"passed","Tue Oct 01 10:12:19 GMT 2024","Tue Oct 01 10:12:19 GMT 2024","0","singleShardInfoToPubsubTopic","","","","","should convert a SingleShardInfo object to the correct PubsubTopic",""
"passed","Tue Oct 01 10:16:58 GMT 2024","Tue Oct 01 10:16:58 GMT 2024","0","Node Health Status Matrix Tests","","","","","LightPush: 2 peers, Filter: 3 peers - Expected: SufficientlyHealthy",""
"passed","Tue Oct 01 10:17:12 GMT 2024","Tue Oct 01 10:17:12 GMT 2024","0","Waku Filter V2: FilterPush: Multiple Nodes: Strict Checking: true","","","","","Check received message containing special chars",""
"passed","Tue Oct 01 10:19:14 GMT 2024","Tue Oct 01 10:19:14 GMT 2024","0","Waku Store, page size","","","","","Passing page size 3 when there are 20 messages",""
"passed","Tue Oct 01 10:19:34 GMT 2024","Tue Oct 01 10:19:34 GMT 2024","0","Wait for remote peer","","","","","LightPush",""
"passed","Tue Oct 01 10:17:58 GMT 2024","Tue Oct 01 10:17:58 GMT 2024","3","Waku Relay, Publish","","","","","Check publish message containing escaped characters",""
"passed","Tue Oct 01 10:12:19 GMT 2024","Tue Oct 01 10:12:19 GMT 2024","1","ensureShardingConfigured","","","","","handles empty shards array correctly",""
"passed","Tue Oct 01 10:19:04 GMT 2024","Tue Oct 01 10:19:04 GMT 2024","1","Waku Store, error handling","","","","","Query Generator, Wrong PubsubTopic",""
"passed","Tue Oct 01 10:19:23 GMT 2024","Tue Oct 01 10:19:23 GMT 2024","0","Waku Store, time filter","","","","","msgTime: -19000 ms from now, startTime: -19002, endTime: -19001",""
"passed","Tue Oct 01 10:17:58 GMT 2024","Tue Oct 01 10:17:58 GMT 2024","1","Waku Relay, Publish","","","","","Check publish message containing XML",""
"passed","Tue Oct 01 10:17:59 GMT 2024","Tue Oct 01 10:17:59 GMT 2024","0","Waku Light Push: Single Node","","","","","Push message with content topic containing unicode special characters",""
"passed","Tue Oct 01 10:19:04 GMT 2024","Tue Oct 01 10:19:04 GMT 2024","1","Waku Store, error handling","","","","","Query Generator, No message returned",""
"passed","Tue Oct 01 10:12:47 GMT 2024","Tue Oct 01 10:12:47 GMT 2024","0","Local Storage Discovery","Compliance Tests","interface-peer-discovery compliance tests","","","can start the service",""
"passed","Tue Oct 01 10:19:04 GMT 2024","Tue Oct 01 10:19:04 GMT 2024","0","Waku Store, error handling","","","","","Query Generator, No Decoder",""
"passed","Tue Oct 01 10:12:35 GMT 2024","Tue Oct 01 10:12:35 GMT 2024","1","StreamManager","","","","","should throw if no connection provided",""
"passed","Tue Oct 01 10:19:29 GMT 2024","Tue Oct 01 10:19:29 GMT 2024","1","Waku Store, general","","","","","Callback on promise",""
"passed","Tue Oct 01 10:12:42 GMT 2024","Tue Oct 01 10:12:42 GMT 2024","0","Discovery","","","","","returns a subset of values when wanted number is lesser than available values",""
"passed","Tue Oct 01 10:13:25 GMT 2024","Tue Oct 01 10:13:25 GMT 2024","1","DNS Discovery: Compliance Test","interface-peer-discovery compliance tests","","","","should emit a peer event after start",""
"passed","Tue Oct 01 10:18:19 GMT 2024","Tue Oct 01 10:18:19 GMT 2024","0","Waku Light Push: Multiple Nodes: Strict Check: true","","","","","Push message with content topic containing escaped characters",""
"passed","Tue Oct 01 10:18:12 GMT 2024","Tue Oct 01 10:18:12 GMT 2024","2","Waku Relay, Subscribe","","","","","Subscribe to topic containing Arabic and publish message",""
"passed","Tue Oct 01 10:12:28 GMT 2024","Tue Oct 01 10:12:28 GMT 2024","0","ENR","Txt codec","","","","should throw error - no id",""
"passed","Tue Oct 01 10:17:58 GMT 2024","Tue Oct 01 10:17:58 GMT 2024","0","Waku Relay, Publish","","","","","Check publish message containing long",""
"passed","Tue Oct 01 10:17:59 GMT 2024","Tue Oct 01 10:17:59 GMT 2024","1","Waku Light Push: Single Node","","","","","Push message with content topic containing XML",""
"passed","Tue Oct 01 10:18:19 GMT 2024","Tue Oct 01 10:18:19 GMT 2024","2","Waku Light Push: Multiple Nodes: Strict Check: true","","","","","Push message with shell command payload",""
"passed","Tue Oct 01 10:18:50 GMT 2024","Tue Oct 01 10:18:50 GMT 2024","0","Static Sharding: Running Nodes","Others","","","","configure the node with multiple pubsub topics",""
"passed","Tue Oct 01 10:17:58 GMT 2024","Tue Oct 01 10:17:58 GMT 2024","1","Waku Relay, Publish","","","","","Publish message with rate limit",""
"passed","Tue Oct 01 10:12:47 GMT 2024","Tue Oct 01 10:12:47 GMT 2024","0","Local Storage Discovery","Unit Tests","","","","should update peers in local storage on 'peer:identify' event",""
"skipped","Tue Oct 01 10:13:25 GMT 2024","Tue Oct 01 10:13:25 GMT 2024","0","DNS Node Discovery [live data]","","","","","should retrieve 3 multiaddrs for test.waku.nodes.status.im",""
"passed","Tue Oct 01 10:17:59 GMT 2024","Tue Oct 01 10:17:59 GMT 2024","0","Waku Light Push: Single Node","","","","","Push message with content topic containing SQL Injection",""
"passed","Tue Oct 01 10:15:13 GMT 2024","Tue Oct 01 10:15:13 GMT 2024","1","getPeers","getPeers with varying maxBootstrapPeers","maxBootstrapPeers=6","","","numPeers=3 -- returns total 3 peers, with max 6 bootstrap peers",""
"passed","Tue Oct 01 10:14:05 GMT 2024","Tue Oct 01 10:14:05 GMT 2024","1","Waku Filter V2: Multiple PubsubTopics","","","","","Subscribe and receive messages on custom pubsubtopic",""
"passed","Tue Oct 01 10:17:59 GMT 2024","Tue Oct 01 10:17:59 GMT 2024","1","Waku Light Push: Single Node","","","","","Push message with shell command payload",""
"passed","Tue Oct 01 10:12:19 GMT 2024","Tue Oct 01 10:12:19 GMT 2024","0","contentTopicsByPubsubTopic","","","","","groups content topics by expected pubsub topic",""
"passed","Tue Oct 01 10:19:25 GMT 2024","Tue Oct 01 10:19:25 GMT 2024","0","Waku Dial [node only]","Bootstrap","","","","Passing an array",""
"passed","Tue Oct 01 10:12:55 GMT 2024","Tue Oct 01 10:12:55 GMT 2024","0","Ecies Encryption","","","","","Round trip binary encryption [ecies, no signature]",""
"passed","Tue Oct 01 10:17:12 GMT 2024","Tue Oct 01 10:17:12 GMT 2024","0","Waku Filter V2: FilterPush: Multiple Nodes: Strict Checking: true","","","","","Check received message containing Basic HTML tag",""
"passed","Tue Oct 01 10:12:55 GMT 2024","Tue Oct 01 10:12:55 GMT 2024","0","Ensures content topic is defined","","","","","Decoder throws on undefined content topic",""
"passed","Tue Oct 01 10:14:21 GMT 2024","Tue Oct 01 10:14:21 GMT 2024","0","Waku Filter: Peer Management: E2E","","","","","Keep-alive pings maintain the connection",""
"passed","Tue Oct 01 10:14:28 GMT 2024","Tue Oct 01 10:14:28 GMT 2024","0","Waku Filter V2: Unsubscribe","","","","","Unsubscribe topics the node is not subscribed to",""
"passed","Tue Oct 01 10:12:47 GMT 2024","Tue Oct 01 10:12:47 GMT 2024","1","Local Storage Discovery","Compliance Tests","interface-peer-discovery compliance tests","","","should not receive a peer event before start",""
"passed","Tue Oct 01 10:17:12 GMT 2024","Tue Oct 01 10:17:12 GMT 2024","0","Waku Filter V2: FilterPush: Multiple Nodes: Strict Checking: true","","","","","Check received message containing Arabic",""
"passed","Tue Oct 01 10:12:47 GMT 2024","Tue Oct 01 10:12:47 GMT 2024","1","Local Storage Discovery","Unit Tests","","","","should load peers from local storage and dispatch events",""
"passed","Tue Oct 01 10:18:50 GMT 2024","Tue Oct 01 10:18:50 GMT 2024","0","Static Sharding: Running Nodes","Different clusters and shards","","","","random static sharding 10 - Cluster ID: 842, Shard ID: 217",""
"passed","Tue Oct 01 10:12:22 GMT 2024","Tue Oct 01 10:12:22 GMT 2024","0","RFC Test Vectors","","","","","Waku message hash computation (meta attribute not present)",""
"passed","Tue Oct 01 10:18:53 GMT 2024","Tue Oct 01 10:18:53 GMT 2024","0","Waku Filter V2: Subscribe: Multiple Service Nodes: Strict Check mode: true","","","","","Subscribe to 100 topics (new limit) at once and receives messages",""
"passed","Tue Oct 01 10:17:12 GMT 2024","Tue Oct 01 10:17:12 GMT 2024","0","Waku Filter V2: FilterPush: Multiple Nodes: Strict Checking: true","","","","","Check received message containing shell command",""
"passed","Tue Oct 01 10:15:07 GMT 2024","Tue Oct 01 10:15:07 GMT 2024","1","Waku Filter V2: FilterPush","","","","","Check received message with timestamp: 1649153314 ",""
"passed","Tue Oct 01 10:14:21 GMT 2024","Tue Oct 01 10:14:21 GMT 2024","1","Waku Filter: Peer Management: E2E","","","","","Ping fails for unsubscribed peers",""
"passed","Tue Oct 01 10:17:58 GMT 2024","Tue Oct 01 10:17:58 GMT 2024","2","Waku Relay, Publish","","","","","Check publish message containing SQL Injection",""
"passed","Tue Oct 01 10:15:13 GMT 2024","Tue Oct 01 10:15:13 GMT 2024","0","getPeers","getPeers with varying maxBootstrapPeers","maxBootstrapPeers=6","","","numPeers=2 -- returns total 2 peers, with max 6 bootstrap peers",""
"passed","Tue Oct 01 10:18:19 GMT 2024","Tue Oct 01 10:18:19 GMT 2024","3","Waku Light Push: Multiple Nodes: Strict Check: true","","","","","Push message with custom timestamp: 1697019329591",""
"passed","Tue Oct 01 10:12:47 GMT 2024","Tue Oct 01 10:12:47 GMT 2024","0","Local Storage Discovery","Compliance Tests","interface-peer-discovery compliance tests","","","should not fail to start the service if it is already started",""
"passed","Tue Oct 01 10:12:19 GMT 2024","Tue Oct 01 10:12:19 GMT 2024","0","pubsubTopicToSingleShardInfo with various invalid formats","","","","","should throw an error for non-numeric clusterId: /waku/2/rs//1",""
"passed","Tue Oct 01 10:18:19 GMT 2024","Tue Oct 01 10:18:19 GMT 2024","2","Waku Light Push: Multiple Nodes: Strict Check: true","","","","","Push message with special chars payload",""
"passed","Tue Oct 01 10:16:58 GMT 2024","Tue Oct 01 10:16:58 GMT 2024","0","Node Health Status Matrix Tests","","","","","LightPush: 1 peers, Filter: 2 peers - Expected: MinimallyHealthy",""
"passed","Tue Oct 01 10:15:13 GMT 2024","Tue Oct 01 10:15:13 GMT 2024","0","getPeers","getPeers with varying maxBootstrapPeers","maxBootstrapPeers=7","","","numPeers=4 -- returns total 4 peers, with max 7 bootstrap peers",""
"passed","Tue Oct 01 10:13:53 GMT 2024","Tue Oct 01 10:13:53 GMT 2024","1","Public methods","","","","","stop",""
"passed","Tue Oct 01 10:17:59 GMT 2024","Tue Oct 01 10:17:59 GMT 2024","1","Waku Light Push: Single Node","","","","","Push message with short payload",""
"passed","Tue Oct 01 10:12:47 GMT 2024","Tue Oct 01 10:12:47 GMT 2024","0","Local Storage Discovery","Compliance Tests","interface-peer-discovery compliance tests","","","should not receive a peer event after stop",""
"skipped","Tue Oct 01 10:17:23 GMT 2024","Tue Oct 01 10:17:23 GMT 2024","1","Peer Exchange Query","","","","","non connected peers",""
"passed","Tue Oct 01 10:18:19 GMT 2024","Tue Oct 01 10:18:19 GMT 2024","1","Waku Light Push: Multiple Nodes: Strict Check: true","","","","","Push message with Script payload",""
"passed","Tue Oct 01 10:12:35 GMT 2024","Tue Oct 01 10:12:35 GMT 2024","0","Waku Message version 0","","","","","Meta field set when metaSetter is specified",""
"passed","Tue Oct 01 10:19:23 GMT 2024","Tue Oct 01 10:19:23 GMT 2024","0","Waku Store, time filter","","","","","msgTime: -19000 ms from now, startTime: -20000, endTime: -19000",""
"passed","Tue Oct 01 10:12:28 GMT 2024","Tue Oct 01 10:12:28 GMT 2024","0","ENR","Waku2 key: decode","","","","Relay + Store",""
"passed","Tue Oct 01 10:18:12 GMT 2024","Tue Oct 01 10:18:12 GMT 2024","0","Waku Relay, Subscribe","","","","","Subscribe to topic containing Chinese and publish message",""
"passed","Tue Oct 01 10:12:19 GMT 2024","Tue Oct 01 10:12:19 GMT 2024","1","pubsubTopicToSingleShardInfo with various invalid formats","","","","","should throw an error for non-numeric clusterId: /waku/2/rs/y/1",""
"passed","Tue Oct 01 10:18:31 GMT 2024","Tue Oct 01 10:18:31 GMT 2024","0","Autosharding: Running Nodes","Others","","","","using a protocol with unconfigured pubsub topic should fail",""
"passed","Tue Oct 01 10:18:53 GMT 2024","Tue Oct 01 10:18:53 GMT 2024","1","Waku Filter V2: Subscribe: Multiple Service Nodes: Strict Check mode: true","","","","","Subscribe to topic containing Basic HTML tag and receive message",""
"passed","Tue Oct 01 10:12:27 GMT 2024","Tue Oct 01 10:12:27 GMT 2024","1","ENR waku2 codec","Decoding","","","","should be able to decode the field with only FILTER set to true",""
"passed","Tue Oct 01 10:17:22 GMT 2024","Tue Oct 01 10:17:22 GMT 2024","3","Waku Light Push (Autosharding): Multiple PubsubTopics","","","","","Push message on custom pubsubTopic",""
"passed","Tue Oct 01 10:15:13 GMT 2024","Tue Oct 01 10:15:13 GMT 2024","0","getPeers","getPeers with varying maxBootstrapPeers","maxBootstrapPeers=6","","","numPeers=4 -- returns total 4 peers, with max 6 bootstrap peers",""
"passed","Tue Oct 01 10:17:12 GMT 2024","Tue Oct 01 10:17:12 GMT 2024","1","Waku Filter V2: FilterPush: Multiple Nodes: Strict Checking: false","","","","","Check received message containing Chinese",""
"passed","Tue Oct 01 10:18:50 GMT 2024","Tue Oct 01 10:18:50 GMT 2024","0","Static Sharding: Running Nodes","Different clusters and shards","","","","random static sharding 3 - Cluster ID: 775, Shard ID: 720",""
"passed","Tue Oct 01 10:17:12 GMT 2024","Tue Oct 01 10:17:12 GMT 2024","0","Waku Filter V2: FilterPush: Multiple Nodes: Strict Checking: true","","","","","Check message with non string payload is not received",""
"passed","Tue Oct 01 10:15:13 GMT 2024","Tue Oct 01 10:15:13 GMT 2024","0","getPeers","getPeers with varying maxBootstrapPeers","maxBootstrapPeers=2","","","numPeers=3 -- returns total 3 peers, with max 2 bootstrap peers",""
"passed","Tue Oct 01 10:15:45 GMT 2024","Tue Oct 01 10:15:45 GMT 2024","5","Health Manager","Should update the health status for protocols","","","","Filter with 1 connections",""
"passed","Tue Oct 01 10:13:59 GMT 2024","Tue Oct 01 10:13:59 GMT 2024","1","Waku Filter V2: Ping","","","","","Reopen subscription with peer with lost subscription",""
"passed","Tue Oct 01 10:18:19 GMT 2024","Tue Oct 01 10:18:19 GMT 2024","4","Waku Light Push: Multiple Nodes: Strict Check: true","","","","","Push message with custom timestamp: 1727774129591",""
"skipped","Tue Oct 01 10:17:12 GMT 2024","Tue Oct 01 10:17:12 GMT 2024","0","Waku Filter V2: FilterPush: Multiple Nodes: Strict Checking: true","","","","","Check message received after nwaku node is restarted",""
"passed","Tue Oct 01 10:17:59 GMT 2024","Tue Oct 01 10:17:59 GMT 2024","0","Waku Light Push: Single Node","","","","","Push message with Arabic payload",""
"passed","Tue Oct 01 10:18:19 GMT 2024","Tue Oct 01 10:18:19 GMT 2024","2","Waku Light Push: Multiple Nodes: Strict Check: true","","","","","Push message with content topic containing Basic HTML tag",""
"passed","Tue Oct 01 10:12:28 GMT 2024","Tue Oct 01 10:12:28 GMT 2024","0","ENR","Verify","","","","should return false",""
"passed","Tue Oct 01 10:12:19 GMT 2024","Tue Oct 01 10:12:19 GMT 2024","0","contentTopicsByPubsubTopic","","","","","handles different clusterIds correctly",""
"passed","Tue Oct 01 10:12:35 GMT 2024","Tue Oct 01 10:12:35 GMT 2024","0","Waku Message version 0","","","","","Ephemeral field set to true",""
"passed","Tue Oct 01 10:17:12 GMT 2024","Tue Oct 01 10:17:12 GMT 2024","0","Waku Filter V2: FilterPush: Multiple Nodes: Strict Checking: true","","","","","Check received message containing Chinese",""
"passed","Tue Oct 01 10:17:59 GMT 2024","Tue Oct 01 10:17:59 GMT 2024","3","Waku Light Push: Single Node","","","","","Throws when trying to push message with empty payload",""
"passed","Tue Oct 01 10:16:03 GMT 2024","Tue Oct 01 10:16:03 GMT 2024","0","Waku Light Push: Peer Management: E2E","","","","","Number of peers are maintained correctly",""
"passed","Tue Oct 01 10:17:58 GMT 2024","Tue Oct 01 10:17:58 GMT 2024","1","Waku Relay, Publish","","","","","Publish message with large meta",""
"passed","Tue Oct 01 10:13:21 GMT 2024","Tue Oct 01 10:13:21 GMT 2024","0","Dials","attemptDial method","","","","should be called at least once on all `peer:discovery` events",""
"passed","Tue Oct 01 10:16:54 GMT 2024","Tue Oct 01 10:16:54 GMT 2024","0","Waku Filter V2: Subscribe: Single Service Node","","","","","Subscribe to topic containing Arabic and receive message",""
"passed","Tue Oct 01 10:15:07 GMT 2024","Tue Oct 01 10:15:07 GMT 2024","1","Waku Filter V2: FilterPush","","","","","Check received message containing Arabic",""
"passed","Tue Oct 01 10:17:12 GMT 2024","Tue Oct 01 10:17:12 GMT 2024","4","Waku Filter V2: FilterPush: Multiple Nodes: Strict Checking: true","","","","","Check received message with timestamp: 1727777593220000000 ",""
"passed","Tue Oct 01 10:17:50 GMT 2024","Tue Oct 01 10:17:50 GMT 2024","1","Waku Relay (Autosharding), multiple pubsub topics","","","","","n1 and n2 uses a custom pubsub, n3 uses the default pubsub",""
"passed","Tue Oct 01 10:18:12 GMT 2024","Tue Oct 01 10:18:12 GMT 2024","1","Waku Relay, Subscribe","","","","","Subscribe to topic containing Russian and publish message",""
"passed","Tue Oct 01 10:12:47 GMT 2024","Tue Oct 01 10:12:47 GMT 2024","0","Local Storage Discovery","Compliance Tests","interface-peer-discovery compliance tests","","","should emit a peer event after start",""
"passed","Tue Oct 01 10:12:28 GMT 2024","Tue Oct 01 10:12:28 GMT 2024","1","ENR","waku2 key round trip","","","","should set field with only STORE enabled",""
"passed","Tue Oct 01 10:19:29 GMT 2024","Tue Oct 01 10:19:29 GMT 2024","2","Waku Store, general","","","","","Ordered callback, aborts when callback returns true",""
"passed","Tue Oct 01 10:17:50 GMT 2024","Tue Oct 01 10:17:50 GMT 2024","0","Waku Relay, multiple pubsub topics","","","","","n1 and n2 uses a custom pubsub, n3 uses the default pubsub",""
"passed","Tue Oct 01 10:13:14 GMT 2024","Tue Oct 01 10:13:14 GMT 2024","0","Events","peer:connect","","","","should emit `peer:connected:peer-exchange` event when a peer is connected",""
"passed","Tue Oct 01 10:12:19 GMT 2024","Tue Oct 01 10:12:19 GMT 2024","1","Relay Shard codec","","","","","should correctly encode and decode relay shards using rsv format (Bit Vector)",""
"passed","Tue Oct 01 10:18:53 GMT 2024","Tue Oct 01 10:18:53 GMT 2024","1","Waku Filter V2: Subscribe: Multiple Service Nodes: Strict Check mode: true","","","","","Subscribe and receive messages via lightPush",""
"passed","Tue Oct 01 10:17:12 GMT 2024","Tue Oct 01 10:17:12 GMT 2024","2","Waku Filter V2: FilterPush: Multiple Nodes: Strict Checking: true","","","","","Check received message containing short",""
"passed","Tue Oct 01 10:19:14 GMT 2024","Tue Oct 01 10:19:14 GMT 2024","1","Waku Store, sorting","","","","","Query Generator sorting by timestamp while page direction is true",""
"passed","Tue Oct 01 10:16:58 GMT 2024","Tue Oct 01 10:16:58 GMT 2024","0","Node Health Status Matrix Tests","","","","","LightPush: 0 peers, Filter: 1 peers - Expected: Unhealthy",""
"passed","Tue Oct 01 10:18:53 GMT 2024","Tue Oct 01 10:18:53 GMT 2024","6","Waku Filter V2: Subscribe: Multiple Service Nodes: Strict Check mode: true","","","","","Refresh subscription",""
"passed","Tue Oct 01 10:12:35 GMT 2024","Tue Oct 01 10:12:35 GMT 2024","0","StreamManager","","","","","should return usable stream attached to connection",""
"passed","Tue Oct 01 10:16:54 GMT 2024","Tue Oct 01 10:16:54 GMT 2024","0","Waku Filter V2: Subscribe: Single Service Node","","","","","Subscribe to topic containing SQL Injection and receive message",""
"passed","Tue Oct 01 10:17:59 GMT 2024","Tue Oct 01 10:17:59 GMT 2024","0","Waku Light Push: Single Node","","","","","Push message with meta",""
"passed","Tue Oct 01 10:16:58 GMT 2024","Tue Oct 01 10:16:58 GMT 2024","0","Node Health Status Matrix Tests","","","","","LightPush: 1 peers, Filter: 0 peers - Expected: Unhealthy",""
"passed","Tue Oct 01 10:12:27 GMT 2024","Tue Oct 01 10:12:27 GMT 2024","1","ENR waku2 codec","Encoding","","","","should be able to encode the field with only STORE set to true",""
"passed","Tue Oct 01 10:18:53 GMT 2024","Tue Oct 01 10:18:53 GMT 2024","0","Waku Filter V2: Subscribe: Multiple Service Nodes: Strict Check mode: true","","","","","Subscribe and receive messages on 2 different content topics",""
"passed","Tue Oct 01 10:19:15 GMT 2024","Tue Oct 01 10:19:15 GMT 2024","0","Waku Store, custom pubsub topic","","","","","Generator, 2 different pubsubtopics",""
"passed","Tue Oct 01 10:12:28 GMT 2024","Tue Oct 01 10:12:28 GMT 2024","0","ENR","Location multiaddr","","","","should properly create peer info with all multiaddrs",""
"passed","Tue Oct 01 10:18:54 GMT 2024","Tue Oct 01 10:18:54 GMT 2024","0","Waku Store, cursor","","","","","Passing cursor with wrong pubsubTopic",""
"passed","Tue Oct 01 10:13:58 GMT 2024","Tue Oct 01 10:13:58 GMT 2024","1","Waku Filter V2: Ping: Multiple Nodes: Strict Checking: false","","","","","Ping on subscribed peer",""
"passed","Tue Oct 01 10:17:20 GMT 2024","Tue Oct 01 10:17:20 GMT 2024","0","Metadata Protocol","connections","","","","different cluster, same shard: nodes don't connect",""
"passed","Tue Oct 01 10:13:20 GMT 2024","Tue Oct 01 10:13:20 GMT 2024","1","ENR Interop: ServiceNode","","","","","Relay + Store",""
"passed","Tue Oct 01 10:12:53 GMT 2024","Tue Oct 01 10:12:53 GMT 2024","0","Symmetric Encryption","","","","","Round trip binary encryption [symmetric, signature]",""
"passed","Tue Oct 01 10:12:28 GMT 2024","Tue Oct 01 10:12:28 GMT 2024","1","ENR","Location multiaddr","","","","should properly create location multiaddrs - tcp6",""
"passed","Tue Oct 01 10:18:12 GMT 2024","Tue Oct 01 10:18:12 GMT 2024","0","Waku Relay, Subscribe","","","","","Subscribe to topic containing Basic HTML tag and publish message",""
"passed","Tue Oct 01 10:18:31 GMT 2024","Tue Oct 01 10:18:31 GMT 2024","0","Autosharding: Running Nodes","Different clusters and topics","","","","random auto sharding 10 - Cluster ID: 10, Content Topic: /app26/3/topic98/test.js",""
"passed","Tue Oct 01 10:15:07 GMT 2024","Tue Oct 01 10:15:07 GMT 2024","0","Waku Filter V2: FilterPush","","","","","Check message with non string payload is not received",""
"passed","Tue Oct 01 10:12:28 GMT 2024","Tue Oct 01 10:12:28 GMT 2024","0","ENR","waku2 key round trip","","","","should set field with only LIGHTPUSH enabled",""
"passed","Tue Oct 01 10:13:20 GMT 2024","Tue Oct 01 10:13:20 GMT 2024","0","Waku Message Ephemeral field","","","","","Ephemeral field is preserved - symmetric encryption",""
"passed","Tue Oct 01 10:12:27 GMT 2024","Tue Oct 01 10:12:27 GMT 2024","1","ENR waku2 codec","Decoding","","","","should be able to decode the field with ALL protocols set to true",""
"passed","Tue Oct 01 10:16:58 GMT 2024","Tue Oct 01 10:16:58 GMT 2024","1","This","Is also","","","","A test",""
"passed","Tue Oct 01 10:15:07 GMT 2024","Tue Oct 01 10:15:07 GMT 2024","1","Waku Filter V2: FilterPush","","","","","Check received message containing numeric",""
"passed","Tue Oct 01 10:12:22 GMT 2024","Tue Oct 01 10:12:22 GMT 2024","0","RFC Test Vectors","","","","","Waku message hash computation (payload length 0)",""
"passed","Tue Oct 01 10:17:59 GMT 2024","Tue Oct 01 10:17:59 GMT 2024","0","Waku Light Push: Single Node","","","","","Push message with custom timestamp: 1727774163983",""
"passed","Tue Oct 01 10:17:12 GMT 2024","Tue Oct 01 10:17:12 GMT 2024","1","Waku Filter V2: FilterPush: Multiple Nodes: Strict Checking: true","","","","","Check received message containing numeric",""
"passed","Tue Oct 01 10:17:58 GMT 2024","Tue Oct 01 10:17:58 GMT 2024","0","Waku Relay, Publish","","","","","Check publish message containing Script",""
"passed","Tue Oct 01 10:13:25 GMT 2024","Tue Oct 01 10:13:25 GMT 2024","0","DNS Discovery: Compliance Test","interface-peer-discovery compliance tests","","","","should not receive a peer event after stop",""
"passed","Tue Oct 01 10:18:31 GMT 2024","Tue Oct 01 10:18:31 GMT 2024","0","Autosharding: Running Nodes","Different clusters and topics","","","","Wrong topic",""
"passed","Tue Oct 01 10:13:58 GMT 2024","Tue Oct 01 10:13:58 GMT 2024","0","Waku Filter V2: Ping: Multiple Nodes: Strict Checking: false","","","","","Ping on peer without subscriptions",""
"passed","Tue Oct 01 10:12:19 GMT 2024","Tue Oct 01 10:12:19 GMT 2024","0","contentTopicToShardIndex","","","","","should correctly map /waku/2/content/test.js to shard index 1",""
"passed","Tue Oct 01 10:17:59 GMT 2024","Tue Oct 01 10:17:59 GMT 2024","1","Waku Light Push: Single Node","","","","","Fails to push message with large meta",""
"passed","Tue Oct 01 10:18:53 GMT 2024","Tue Oct 01 10:18:53 GMT 2024","1","Waku Filter V2: Subscribe: Multiple Service Nodes: Strict Check mode: true","","","","","Subscribe and receives messages on 20 topics",""
"passed","Tue Oct 01 10:18:53 GMT 2024","Tue Oct 01 10:18:53 GMT 2024","1","Waku Filter V2: Subscribe: Multiple Service Nodes: Strict Check mode: false","","","","","Subscribe and receive messages on 2 different content topics",""
"passed","Tue Oct 01 10:18:19 GMT 2024","Tue Oct 01 10:18:19 GMT 2024","1","Waku Light Push: Multiple Nodes: Strict Check: true","","","","","Push message with Russian payload",""
"passed","Tue Oct 01 10:12:35 GMT 2024","Tue Oct 01 10:12:35 GMT 2024","0","Ensures content topic is defined","","","","","Encoder throws on empty string content topic",""
"passed","Tue Oct 01 10:18:31 GMT 2024","Tue Oct 01 10:18:31 GMT 2024","0","Autosharding: Running Nodes","Others","","","","configure the node with multiple content topics",""
"passed","Tue Oct 01 10:18:19 GMT 2024","Tue Oct 01 10:18:19 GMT 2024","1","Waku Light Push: Multiple Nodes: Strict Check: true","","","","","Push message with content topic containing Script",""
"passed","Tue Oct 01 10:15:13 GMT 2024","Tue Oct 01 10:15:13 GMT 2024","0","getPeers","getPeers with varying maxBootstrapPeers","maxBootstrapPeers=4","","","numPeers=1 -- returns one bootstrap peer ",""
"passed","Tue Oct 01 10:12:35 GMT 2024","Tue Oct 01 10:12:35 GMT 2024","0","Ensures content topic is defined","","","","","Encoder throws on undefined content topic",""
"passed","Tue Oct 01 10:18:19 GMT 2024","Tue Oct 01 10:18:19 GMT 2024","1","Waku Light Push: Multiple Nodes: Strict Check: true","","","","","Push message with Basic HTML tag payload",""
"passed","Tue Oct 01 10:17:58 GMT 2024","Tue Oct 01 10:17:58 GMT 2024","0","Waku Relay, Publish","","","","","Check publish message containing numeric",""
"passed","Tue Oct 01 10:12:19 GMT 2024","Tue Oct 01 10:12:19 GMT 2024","1","contentTopicToShardIndex","","","","","should correctly map /app/20/sometopic/someencoding to shard index 15 with networkShards 16",""
"passed","Tue Oct 01 10:17:59 GMT 2024","Tue Oct 01 10:17:59 GMT 2024","0","Waku Light Push: Single Node","","","","","Push message with escaped characters payload",""
"passed","Tue Oct 01 10:18:19 GMT 2024","Tue Oct 01 10:18:19 GMT 2024","0","Waku Light Push: Multiple Nodes: Strict Check: true","","","","","Push message with content topic containing long",""
"passed","Tue Oct 01 10:12:53 GMT 2024","Tue Oct 01 10:12:53 GMT 2024","0","Ensures content topic is defined","","","","","Decoder throws on undefined content topic",""
"passed","Tue Oct 01 10:16:54 GMT 2024","Tue Oct 01 10:16:54 GMT 2024","0","Waku Filter V2: Subscribe: Single Service Node","","","","","Subscribe and receive messages via waku relay post",""
"passed","Tue Oct 01 10:17:58 GMT 2024","Tue Oct 01 10:17:58 GMT 2024","0","Waku Relay, Publish","","","","","Check publish message containing special chars",""
"passed","Tue Oct 01 10:17:12 GMT 2024","Tue Oct 01 10:17:12 GMT 2024","2","Waku Filter V2: FilterPush: Multiple Nodes: Strict Checking: false","","","","","Check message with no payload is not received",""
"passed","Tue Oct 01 10:13:59 GMT 2024","Tue Oct 01 10:13:59 GMT 2024","0","Waku Filter V2: Ping","","","","","Ping on unsubscribed peer",""
"passed","Tue Oct 01 10:12:19 GMT 2024","Tue Oct 01 10:12:19 GMT 2024","1","contentTopicToShardIndex","","","","","should correctly map /toychat/2/huilong/proto to shard index 3",""
"passed","Tue Oct 01 10:14:28 GMT 2024","Tue Oct 01 10:14:28 GMT 2024","0","Waku Filter V2: Unsubscribe","","","","","Unsubscribes all - node subscribed to 1 topic",""
"passed","Tue Oct 01 10:16:54 GMT 2024","Tue Oct 01 10:16:54 GMT 2024","1","Waku Filter V2: Subscribe: Single Service Node","","","","","Subscribe and receive messages from multiple nwaku nodes",""
"passed","Tue Oct 01 10:12:19 GMT 2024","Tue Oct 01 10:12:19 GMT 2024","0","contentTopicToShardIndex","","","","","should correctly map /0/statusim/1/community/cbor to shard index 4",""
"passed","Tue Oct 01 10:16:54 GMT 2024","Tue Oct 01 10:16:54 GMT 2024","0","Waku Filter V2: Subscribe: Single Service Node","","","","","Subscribe and receive messages via lightPush",""
"passed","Tue Oct 01 10:17:59 GMT 2024","Tue Oct 01 10:17:59 GMT 2024","1","Waku Light Push: Single Node","","","","","Push message with content topic containing JSON",""
"skipped","Tue Oct 01 10:13:25 GMT 2024","Tue Oct 01 10:13:25 GMT 2024","4","DNS Node Discovery [live data]","","","","","should use DNS peer discovery with light client",""
"passed","Tue Oct 01 10:17:59 GMT 2024","Tue Oct 01 10:17:59 GMT 2024","3","Waku Light Push: Single Node","","","","","Push message with custom timestamp: 1727781363983",""
"passed","Tue Oct 01 10:16:54 GMT 2024","Tue Oct 01 10:16:54 GMT 2024","1","Waku Filter V2: Subscribe: Single Service Node","","","","","Subscribe and receive ecies encrypted messages via lightPush",""
"passed","Tue Oct 01 10:14:05 GMT 2024","Tue Oct 01 10:14:05 GMT 2024","0","Waku Filter V2: Multiple PubsubTopics","","","","","Subscribe and receive messages from 2 nwaku nodes each with different pubsubtopics",""
"passed","Tue Oct 01 10:17:12 GMT 2024","Tue Oct 01 10:17:12 GMT 2024","6","Waku Filter V2: FilterPush: Multiple Nodes: Strict Checking: true","","","","","Check received message containing unicode special characters",""
"passed","Tue Oct 01 10:13:21 GMT 2024","Tue Oct 01 10:13:21 GMT 2024","1","Dials","dialPeer method","For bootstrap peers","","","should be called for bootstrap peers",""
"passed","Tue Oct 01 10:19:04 GMT 2024","Tue Oct 01 10:19:04 GMT 2024","0","Waku Store, error handling","","","","","Query with Ordered Callback, Multiple PubsubTopics",""
"passed","Tue Oct 01 10:15:13 GMT 2024","Tue Oct 01 10:15:13 GMT 2024","0","getConnectedPeersForProtocolAndShard","","","","","different cluster, same shard: nodes don't connect",""
"passed","Tue Oct 01 10:18:31 GMT 2024","Tue Oct 01 10:18:31 GMT 2024","1","Autosharding: Running Nodes","Others","","","","start node with empty content topic",""
"passed","Tue Oct 01 10:12:35 GMT 2024","Tue Oct 01 10:12:35 GMT 2024","0","selectOpenConnection","","","","","returns nothing if no connections present",""
"passed","Tue Oct 01 10:18:12 GMT 2024","Tue Oct 01 10:18:12 GMT 2024","1","Waku Relay, Subscribe","","","","","Subscribe and publish message",""
"passed","Tue Oct 01 10:12:42 GMT 2024","Tue Oct 01 10:12:42 GMT 2024","1","Discovery","","","","","returns all values when wanted number matches available values",""
"passed","Tue Oct 01 10:12:53 GMT 2024","Tue Oct 01 10:12:53 GMT 2024","1","Waku Encryption","","","","","Sign & Recover",""
"passed","Tue Oct 01 10:17:59 GMT 2024","Tue Oct 01 10:17:59 GMT 2024","0","Waku Light Push: Single Node","","","","","Push message with custom timestamp: 1697019363983",""
"passed","Tue Oct 01 10:12:19 GMT 2024","Tue Oct 01 10:12:19 GMT 2024","0","pubsubTopicToSingleShardInfo with various invalid formats","","","","","should throw an error for non-numeric shard: /waku/2/rs/1/y",""
"passed","Tue Oct 01 10:13:53 GMT 2024","Tue Oct 01 10:13:53 GMT 2024","5","Public methods","","","","","removeEventListener with wrong event",""
"passed","Tue Oct 01 10:18:53 GMT 2024","Tue Oct 01 10:18:53 GMT 2024","0","Waku Filter V2: Subscribe: Multiple Service Nodes: Strict Check mode: true","","","","","Subscribe and receive messages via waku relay post",""
"passed","Tue Oct 01 10:17:59 GMT 2024","Tue Oct 01 10:17:59 GMT 2024","0","Waku Light Push: Single Node","","","","","Push message with content topic containing Russian",""
"passed","Tue Oct 01 10:17:20 GMT 2024","Tue Oct 01 10:17:20 GMT 2024","0","Metadata Protocol","connections","","","","same cluster, different shard: nodes connect",""
"passed","Tue Oct 01 10:19:29 GMT 2024","Tue Oct 01 10:19:29 GMT 2024","0","Waku Store, general","","","","","Query generator for multiple messages with different content topic format",""
"passed","Tue Oct 01 10:12:19 GMT 2024","Tue Oct 01 10:12:19 GMT 2024","1","ensureValidContentTopic","","","","","throws on content topic with empty application field",""
"passed","Tue Oct 01 10:17:12 GMT 2024","Tue Oct 01 10:17:12 GMT 2024","1","Waku Filter V2: FilterPush: Multiple Nodes: Strict Checking: true","","","","","Check received message containing XML",""
"passed","Tue Oct 01 10:18:53 GMT 2024","Tue Oct 01 10:18:53 GMT 2024","0","Waku Filter V2: Subscribe: Multiple Service Nodes: Strict Check mode: false","","","","","Subscribe to topic containing SQL Injection and receive message",""
"passed","Tue Oct 01 10:12:28 GMT 2024","Tue Oct 01 10:12:28 GMT 2024","0","ENR","waku2 key round trip","","","","should set field with only RELAY enabled",""
"passed","Tue Oct 01 10:15:13 GMT 2024","Tue Oct 01 10:15:13 GMT 2024","0","getConnectedPeersForProtocolAndShard","","","","","same cluster, same shard: nodes connect",""
"passed","Tue Oct 01 10:12:19 GMT 2024","Tue Oct 01 10:12:19 GMT 2024","1","contentTopicToShardIndex","","","","","should correctly map /app/27/sometopic/someencoding to shard index 5",""
"passed","Tue Oct 01 10:15:13 GMT 2024","Tue Oct 01 10:15:13 GMT 2024","0","getConnectedPeersForProtocolAndShard","","","","","different cluster, different shard: nodes don't connect",""
"passed","Tue Oct 01 10:17:59 GMT 2024","Tue Oct 01 10:17:59 GMT 2024","1","Waku Light Push: Single Node","","","","","Push message with content topic containing Chinese",""
"skipped","Tue Oct 01 10:18:39 GMT 2024","Tue Oct 01 10:18:39 GMT 2024","0","Peer Exchange","","","","","new peer added after a peer was already found",""
"passed","Tue Oct 01 10:13:20 GMT 2024","Tue Oct 01 10:13:20 GMT 2024","1","ENR Interop: ServiceNode","","","","","Relay",""
"passed","Tue Oct 01 10:18:53 GMT 2024","Tue Oct 01 10:18:53 GMT 2024","0","Waku Filter V2: Subscribe: Multiple Service Nodes: Strict Check mode: true","","","","","Subscribe to topic containing Russian and receive message",""
"passed","Tue Oct 01 10:17:12 GMT 2024","Tue Oct 01 10:17:12 GMT 2024","0","Waku Filter V2: FilterPush: Multiple Nodes: Strict Checking: false","","","","","Check received message with timestamp: 1649153314 ",""
"passed","Tue Oct 01 10:12:19 GMT 2024","Tue Oct 01 10:12:19 GMT 2024","0","shardInfoToPubsubTopics","","","","","should handle clusterId, application and version for autosharding with cluster iD 1",""
"passed","Tue Oct 01 10:17:59 GMT 2024","Tue Oct 01 10:17:59 GMT 2024","1","Waku Light Push: Single Node","","","","","Push message with Basic HTML tag payload",""
"passed","Tue Oct 01 10:15:13 GMT 2024","Tue Oct 01 10:15:13 GMT 2024","0","getPeers","getPeers with varying maxBootstrapPeers","maxBootstrapPeers=7","","","numPeers=0 -- returns all peers including all non-bootstrap with maxBootstrapPeers: 7",""
"passed","Tue Oct 01 10:13:20 GMT 2024","Tue Oct 01 10:13:20 GMT 2024","0","Waku Message Ephemeral field","","","","","Ephemeral field is preserved - asymmetric encryption",""
"passed","Tue Oct 01 10:15:07 GMT 2024","Tue Oct 01 10:15:07 GMT 2024","0","Waku Filter V2: FilterPush","","","","","Check received message containing short",""
"passed","Tue Oct 01 10:12:43 GMT 2024","Tue Oct 01 10:12:43 GMT 2024","0","DNS Node Discovery","","","","","ignores unrecognized TXT record formats",""
"passed","Tue Oct 01 10:16:03 GMT 2024","Tue Oct 01 10:16:03 GMT 2024","2","Waku Light Push: Peer Management: E2E","","","","","Failed peers are renewed",""
"passed","Tue Oct 01 10:17:59 GMT 2024","Tue Oct 01 10:17:59 GMT 2024","1","Waku Light Push: Single Node","","","","","Push message with content topic containing special chars",""
"passed","Tue Oct 01 10:17:59 GMT 2024","Tue Oct 01 10:17:59 GMT 2024","1","Waku Light Push: Single Node","","","","","Push message with content topic containing short",""
"passed","Tue Oct 01 10:18:31 GMT 2024","Tue Oct 01 10:18:31 GMT 2024","1","Autosharding: Running Nodes","Different clusters and topics","","","","Non TWN Cluster",""
"passed","Tue Oct 01 10:18:53 GMT 2024","Tue Oct 01 10:18:53 GMT 2024","1","Waku Filter V2: Subscribe: Multiple Service Nodes: Strict Check mode: false","","","","","Subscribe to topic containing special chars and receive message",""
"passed","Tue Oct 01 10:18:53 GMT 2024","Tue Oct 01 10:18:53 GMT 2024","1","Waku Filter V2: Subscribe: Multiple Service Nodes: Strict Check mode: true","","","","","Subscribe to topic containing shell command and receive message",""
"passed","Tue Oct 01 10:15:13 GMT 2024","Tue Oct 01 10:15:13 GMT 2024","0","getPeers","getPeers property-based tests","","","","should return the correct number of peers based on numPeers and maxBootstrapPeers",""
"passed","Tue Oct 01 10:18:19 GMT 2024","Tue Oct 01 10:18:19 GMT 2024","9","Waku Light Push: Multiple Nodes: Strict Check: true","","","","","Push message with content topic containing special chars",""
"passed","Tue Oct 01 10:18:19 GMT 2024","Tue Oct 01 10:18:19 GMT 2024","0","Waku Light Push: Multiple Nodes: Strict Check: true","","","","","Throws when trying to push message with empty payload",""
"passed","Tue Oct 01 10:12:19 GMT 2024","Tue Oct 01 10:12:19 GMT 2024","1","contentTopicToShardIndex","","","","","should correctly map /statusim/1/community/cbor to shard index 4",""
"passed","Tue Oct 01 10:12:19 GMT 2024","Tue Oct 01 10:12:19 GMT 2024","0","ensureValidContentTopic","","","","","throws on content topic with generation field greater than 0",""
"passed","Tue Oct 01 10:15:07 GMT 2024","Tue Oct 01 10:15:07 GMT 2024","1","Waku Filter V2: FilterPush","","","","","Check message with no content topic is not received",""
"passed","Tue Oct 01 10:18:53 GMT 2024","Tue Oct 01 10:18:53 GMT 2024","1","Waku Filter V2: Subscribe: Multiple Service Nodes: Strict Check mode: false","","","","","Subscribe to topic containing JSON and receive message",""
"passed","Tue Oct 01 10:17:58 GMT 2024","Tue Oct 01 10:17:58 GMT 2024","1","Waku Relay, Publish","","","","","Check publish message containing Chinese",""
"passed","Tue Oct 01 10:18:19 GMT 2024","Tue Oct 01 10:18:19 GMT 2024","1","Waku Light Push: Multiple Nodes: Strict Check: true","","","","","Push message with meta",""
"passed","Tue Oct 01 10:18:53 GMT 2024","Tue Oct 01 10:18:53 GMT 2024","0","Waku Filter V2: Subscribe: Multiple Service Nodes: Strict Check mode: false","","","","","Subscribe to topic containing numeric and receive message",""
"passed","Tue Oct 01 10:17:15 GMT 2024","Tue Oct 01 10:17:15 GMT 2024","0","multiaddr: dialing","","","","","can dial TLS multiaddrs",""
"passed","Tue Oct 01 10:15:13 GMT 2024","Tue Oct 01 10:15:13 GMT 2024","0","getPeers","getPeers with varying maxBootstrapPeers","maxBootstrapPeers=2","","","numPeers=2 -- returns total 2 peers, with max 2 bootstrap peers",""
"passed","Tue Oct 01 10:12:22 GMT 2024","Tue Oct 01 10:12:22 GMT 2024","0","RFC Test Vectors","","","","","Waku message hash computation (message is IDecodedMessage)",""
