"Status","Start Time","Stop Time","Duration in ms","Parent Suite","Suite","Sub Suite","Test Class","Test Method","Name","Description"
"passed","Mon Apr 29 15:16:42 GMT 2024","Mon Apr 29 15:16:42 GMT 2024","0","Waku Filter V2: Multiple PubsubTopics","","","","","Subscribe and receive messages from 2 nwaku nodes each with different pubsubtopics",""
"passed","Mon Apr 29 15:14:35 GMT 2024","Mon Apr 29 15:14:35 GMT 2024","0","pubsubTopicToSingleShardInfo with various invalid formats","","","","","should throw an error for non-numeric shard: /waku/2/rs/1/x",""
"passed","Mon Apr 29 15:20:00 GMT 2024","Mon Apr 29 15:20:00 GMT 2024","0","Waku Light Push : Multiple PubsubTopics","","","","","Light push messages to 2 nwaku nodes each with different pubsubtopics",""
"passed","Mon Apr 29 15:14:35 GMT 2024","Mon Apr 29 15:14:35 GMT 2024","1","determinePubsubTopic","","","","","should derive a pubsub topic using contentTopic when SingleShardInfo only contains clusterId",""
"passed","Mon Apr 29 15:23:52 GMT 2024","Mon Apr 29 15:23:52 GMT 2024","0","Autosharding: Running Nodes","Different clusters and topics","","","","random auto sharding 2 - Cluster ID: 10, Content Topic: /app80/4/topic809/test.js",""
"passed","Mon Apr 29 15:25:15 GMT 2024","Mon Apr 29 15:25:15 GMT 2024","1","Waku Store, page size","","","","","Passing page size 1 when there are 4 messages",""
"passed","Mon Apr 29 15:14:58 GMT 2024","Mon Apr 29 15:14:58 GMT 2024","1","ENRTree","","","","","ENRTree (root): should error if DNS root entry signature is invalid",""
"passed","Mon Apr 29 15:15:38 GMT 2024","Mon Apr 29 15:15:38 GMT 2024","0","DNS Discovery: Compliance Test","interface-peer-discovery compliance tests","","","","can start and stop the service",""
"passed","Mon Apr 29 15:16:15 GMT 2024","Mon Apr 29 15:16:15 GMT 2024","1","Connection state","","","","","should emit `waku:online` event only when first peer is connected",""
"passed","Mon Apr 29 15:18:31 GMT 2024","Mon Apr 29 15:18:31 GMT 2024","0","Waku Filter V2: FilterPush","","","","","Check received message containing Russian",""
"passed","Mon Apr 29 15:14:48 GMT 2024","Mon Apr 29 15:14:48 GMT 2024","1","filterPeersByDiscovery function","","","","","should return one bootstrap peer, and all non-boostrap peers, when numPeers is 0 & maxBootstrap is 1",""
"passed","Mon Apr 29 15:18:31 GMT 2024","Mon Apr 29 15:18:31 GMT 2024","1","Waku Filter V2: FilterPush","","","","","Check received message with timestamp: 1714403727273000000 ",""
"passed","Mon Apr 29 15:23:52 GMT 2024","Mon Apr 29 15:23:52 GMT 2024","1","Autosharding: Running Nodes","Different clusters and topics","","","","random auto sharding 3 - Cluster ID: 10, Content Topic: /app41/6/topic942/proto",""
"passed","Mon Apr 29 15:20:00 GMT 2024","Mon Apr 29 15:20:00 GMT 2024","0","Waku Light Push (named sharding): Multiple PubsubTopics","","","","","Subscribe and receive messages on 2 different pubsubtopics",""
"passed","Mon Apr 29 15:18:31 GMT 2024","Mon Apr 29 15:18:31 GMT 2024","0","Waku Filter V2: FilterPush","","","","","Check received message containing Arabic",""
"passed","Mon Apr 29 15:22:59 GMT 2024","Mon Apr 29 15:22:59 GMT 2024","0","Waku Relay, Publish","","","","","Publish message with rate limit",""
"passed","Mon Apr 29 15:15:09 GMT 2024","Mon Apr 29 15:15:09 GMT 2024","0","Ensures content topic is defined","","","","","Encoder throws on undefined content topic",""
"passed","Mon Apr 29 15:16:51 GMT 2024","Mon Apr 29 15:16:51 GMT 2024","0","Waku Filter V2: Unsubscribe","","","","","Unsubscribes all - node subscribed to 10 topics",""
"passed","Mon Apr 29 15:14:48 GMT 2024","Mon Apr 29 15:14:48 GMT 2024","0","Ensures content topic is defined","","","","","Decoder throws on empty string content topic",""
"passed","Mon Apr 29 15:14:43 GMT 2024","Mon Apr 29 15:14:43 GMT 2024","0","ENR","Static tests","","","","should encode/decode to text encoding",""
"passed","Mon Apr 29 15:14:35 GMT 2024","Mon Apr 29 15:14:35 GMT 2024","0","contentTopicToPubsubTopic","","","","","should correctly map a content topic to a pubsub topic for different network shard sizes",""
"passed","Mon Apr 29 15:22:59 GMT 2024","Mon Apr 29 15:22:59 GMT 2024","0","Waku Relay, Publish","","","","","Check publish message containing XML",""
"passed","Mon Apr 29 15:22:17 GMT 2024","Mon Apr 29 15:22:17 GMT 2024","0","Waku Light Push: Single Node","","","","","Push message with content topic containing Script",""
"passed","Mon Apr 29 15:25:23 GMT 2024","Mon Apr 29 15:25:23 GMT 2024","0","Decryption Keys","","","","","Used by Waku Relay",""
"passed","Mon Apr 29 15:14:58 GMT 2024","Mon Apr 29 15:14:58 GMT 2024","1","Discovery","","","","","returns all values when wanted number is greater than available values",""
"passed","Mon Apr 29 15:26:06 GMT 2024","Mon Apr 29 15:26:06 GMT 2024","0","Waku Filter V2: Subscribe: Multiple Service Nodes: Strict Check mode: false","","","","","Overlapping topic subscription",""
"passed","Mon Apr 29 15:23:18 GMT 2024","Mon Apr 29 15:23:18 GMT 2024","0","Peer Exchange","Compliance Test","interface-peer-discovery compliance tests","","","can start and stop the service",""
"passed","Mon Apr 29 15:24:24 GMT 2024","Mon Apr 29 15:24:24 GMT 2024","1","Waku Light Push: Multiple Nodes: Strict Check: true","","","","","Push message with Basic HTML tag payload",""
"passed","Mon Apr 29 15:22:59 GMT 2024","Mon Apr 29 15:22:59 GMT 2024","1","Waku Relay, Publish","","","","","Fails to publish message with empty text",""
"passed","Mon Apr 29 15:23:14 GMT 2024","Mon Apr 29 15:23:14 GMT 2024","0","Waku Filter V2: FilterPush: Multiple Nodes: Strict Checking: false","","","","","Check received message containing Russian",""
"passed","Mon Apr 29 15:23:14 GMT 2024","Mon Apr 29 15:23:14 GMT 2024","0","Waku Filter V2: FilterPush: Multiple Nodes: Strict Checking: false","","","","","Check received message containing unicode special characters",""
"passed","Mon Apr 29 15:18:12 GMT 2024","Mon Apr 29 15:18:12 GMT 2024","0","getPeers","getPeers with varying maxBootstrapPeers","maxBootstrapPeers=5","","","numPeers=3 -- returns total 3 peers, with max 5 bootstrap peers",""
"skipped","Mon Apr 29 15:18:31 GMT 2024","Mon Apr 29 15:18:31 GMT 2024","1","Waku Filter V2: FilterPush","","","","","Check message received after nwaku node is restarted",""
"passed","Mon Apr 29 15:24:43 GMT 2024","Mon Apr 29 15:24:43 GMT 2024","0","Waku Store, error handling","","","","","Query with Ordered Callback, Wrong PubsubTopic",""
"skipped","Mon Apr 29 15:15:38 GMT 2024","Mon Apr 29 15:15:38 GMT 2024","0","DNS Node Discovery [live data]","","","","","passes more than one ENR URLs and attempts connection",""
"passed","Mon Apr 29 15:14:35 GMT 2024","Mon Apr 29 15:14:35 GMT 2024","1","contentTopicsByPubsubTopic","","","","","groups content topics by expected pubsub topic",""
"passed","Mon Apr 29 15:14:59 GMT 2024","Mon Apr 29 15:14:59 GMT 2024","0","DNS Node Discovery w/ capabilities","","","","","should only return 1 node with relay and store capability",""
"passed","Mon Apr 29 15:16:42 GMT 2024","Mon Apr 29 15:16:42 GMT 2024","1","Waku Filter V2: Multiple PubsubTopics","","","","","Should fail to subscribe with decoder with wrong pubsubTopic",""
"passed","Mon Apr 29 15:14:42 GMT 2024","Mon Apr 29 15:14:42 GMT 2024","2","ENR waku2 codec","Encoding","","","","should be able to encode the field with only RELAY set to true",""
"passed","Mon Apr 29 15:25:34 GMT 2024","Mon Apr 29 15:25:34 GMT 2024","1","Wait for remote peer","","","","","Light Node - default protocols",""
"passed","Mon Apr 29 15:26:06 GMT 2024","Mon Apr 29 15:26:06 GMT 2024","0","Waku Filter V2: Subscribe: Multiple Service Nodes: Strict Check mode: false","","","","","Subscribe and receive ecies encrypted messages via lightPush",""
"passed","Mon Apr 29 15:26:06 GMT 2024","Mon Apr 29 15:26:06 GMT 2024","1","Waku Filter V2: Subscribe: Multiple Service Nodes: Strict Check mode: false","","","","","Subscribe to 100 topics (new limit) at once and receives messages",""
"passed","Mon Apr 29 15:19:34 GMT 2024","Mon Apr 29 15:19:35 GMT 2024","5","Waku Filter V2: Subscribe: Single Service Node","","","","","Subscribe and receive messages via lightPush",""
"passed","Mon Apr 29 15:14:43 GMT 2024","Mon Apr 29 15:14:43 GMT 2024","0","ENR","Txt codec","","","","should decode valid enr successfully",""
"passed","Mon Apr 29 15:22:10 GMT 2024","Mon Apr 29 15:22:10 GMT 2024","0","Peer Exchange","","","","","peerDiscovery without wakuPeerExchangeDiscovery",""
"passed","Mon Apr 29 15:23:52 GMT 2024","Mon Apr 29 15:23:52 GMT 2024","0","Autosharding: Running Nodes","Others","","","","start node with ApplicationInfo",""
"passed","Mon Apr 29 15:14:35 GMT 2024","Mon Apr 29 15:14:35 GMT 2024","0","contentTopicToPubsubTopic","","","","","should use the provided clusterId for the pubsub topic",""
"passed","Mon Apr 29 15:23:13 GMT 2024","Mon Apr 29 15:23:13 GMT 2024","0","Waku Relay, Subscribe","","","","","Subscribe and publish messages on 2 different content topics",""
"passed","Mon Apr 29 15:16:15 GMT 2024","Mon Apr 29 15:16:15 GMT 2024","1","Connection state","","","","","should emit `waku:offline` event only when all peers disconnect",""
"passed","Mon Apr 29 15:26:06 GMT 2024","Mon Apr 29 15:26:06 GMT 2024","0","Waku Filter V2: Subscribe: Multiple Service Nodes: Strict Check mode: true","","","","","Refresh subscription",""
"passed","Mon Apr 29 15:23:14 GMT 2024","Mon Apr 29 15:23:14 GMT 2024","0","Waku Filter V2: FilterPush: Multiple Nodes: Strict Checking: false","","","","","Check received message with timestamp: 1949153314000 ",""
"passed","Mon Apr 29 15:18:12 GMT 2024","Mon Apr 29 15:18:12 GMT 2024","1","getPeers","getPeers with varying maxBootstrapPeers","maxBootstrapPeers=3","","","numPeers=0 -- returns all peers including all non-bootstrap with maxBootstrapPeers: 3",""
"passed","Mon Apr 29 15:16:51 GMT 2024","Mon Apr 29 15:16:51 GMT 2024","1","Waku Filter V2: Unsubscribe","","","","","Unsubscribe 1 topic - node subscribed to 1 topic",""
"passed","Mon Apr 29 15:14:42 GMT 2024","Mon Apr 29 15:14:42 GMT 2024","1","ENR waku2 codec","Decoding","","","","should be able to decode the field with only RELAY set to true",""
"passed","Mon Apr 29 15:14:42 GMT 2024","Mon Apr 29 15:14:42 GMT 2024","0","ENR waku2 codec","Encoding","","","","should be able to encode the field with ALL protocols set to true",""
"passed","Mon Apr 29 15:26:06 GMT 2024","Mon Apr 29 15:26:06 GMT 2024","0","Waku Filter V2: Subscribe: Multiple Service Nodes: Strict Check mode: false","","","","","Subscribe and receive 2 messages on the same topic",""
"passed","Mon Apr 29 15:24:24 GMT 2024","Mon Apr 29 15:24:24 GMT 2024","0","Waku Light Push: Multiple Nodes: Strict Check: true","","","","","Push message with content topic containing long",""
"passed","Mon Apr 29 15:14:35 GMT 2024","Mon Apr 29 15:14:35 GMT 2024","0","contentTopicToShardIndex","","","","","should correctly map /0/statusim/1/community/cbor to shard index 4",""
"passed","Mon Apr 29 15:18:12 GMT 2024","Mon Apr 29 15:18:12 GMT 2024","0","getPeers","getPeers with varying maxBootstrapPeers","maxBootstrapPeers=6","","","numPeers=3 -- returns total 3 peers, with max 6 bootstrap peers",""
"passed","Mon Apr 29 15:14:35 GMT 2024","Mon Apr 29 15:14:35 GMT 2024","0","pubsubTopicToSingleShardInfo with various invalid formats","","","","","should throw an error for non-numeric clusterId: /waku/2/rs/ /1",""
"passed","Mon Apr 29 15:23:14 GMT 2024","Mon Apr 29 15:23:14 GMT 2024","1","Waku Filter V2: FilterPush: Multiple Nodes: Strict Checking: false","","","","","Check received message containing shell command",""
"passed","Mon Apr 29 15:22:59 GMT 2024","Mon Apr 29 15:22:59 GMT 2024","1","Waku Relay, Publish","","","","","Publish message with custom timestamp: Sun Dec 17 1995 03:24:00 GMT+0000 (Coordinated Universal Time)",""
"passed","Mon Apr 29 15:23:13 GMT 2024","Mon Apr 29 15:23:13 GMT 2024","0","Waku Relay, Subscribe","","","","","Subscribe to topic containing Russian and publish message",""
"passed","Mon Apr 29 15:14:43 GMT 2024","Mon Apr 29 15:14:43 GMT 2024","1","ENR","waku2 key round trip","","","","should set field with all protocols enabled",""
"passed","Mon Apr 29 15:26:06 GMT 2024","Mon Apr 29 15:26:06 GMT 2024","0","Waku Filter V2: Subscribe: Multiple Service Nodes: Strict Check mode: true","","","","","Subscribe to topic containing Basic HTML tag and receive message",""
"passed","Mon Apr 29 15:18:58 GMT 2024","Mon Apr 29 15:18:58 GMT 2024","0","Waku Filter V2: Unsubscribe: Multiple Nodes: Strict Checking: false","","","","","Unsubscribe 1 topic - node subscribed to 1 topic",""
"passed","Mon Apr 29 15:24:24 GMT 2024","Mon Apr 29 15:24:24 GMT 2024","1","Waku Light Push: Multiple Nodes: Strict Check: true","","","","","Push message with content topic containing emoji",""
"passed","Mon Apr 29 15:25:15 GMT 2024","Mon Apr 29 15:25:15 GMT 2024","1","Waku Store, page size","","","","","Passing page size 3 when there are 20 messages",""
"passed","Mon Apr 29 15:18:31 GMT 2024","Mon Apr 29 15:18:31 GMT 2024","1","Waku Filter V2: FilterPush","","","","","Check received message containing SQL Injection",""
"passed","Mon Apr 29 15:24:24 GMT 2024","Mon Apr 29 15:24:24 GMT 2024","2","Waku Light Push: Multiple Nodes: Strict Check: true","","","","","Push message with numeric payload",""
"passed","Mon Apr 29 15:14:37 GMT 2024","Mon Apr 29 15:14:37 GMT 2024","0","RFC Test Vectors","","","","","Waku message hash computation (meta size of 64 bytes)",""
"passed","Mon Apr 29 15:15:09 GMT 2024","Mon Apr 29 15:15:09 GMT 2024","0","Waku Encryption","","","","","Asymmetric encrypt & decrypt",""
"passed","Mon Apr 29 15:24:24 GMT 2024","Mon Apr 29 15:24:24 GMT 2024","0","Waku Light Push: Multiple Nodes: Strict Check: true","","","","","Push message with content topic containing short",""
"passed","Mon Apr 29 15:14:35 GMT 2024","Mon Apr 29 15:14:35 GMT 2024","1","pubsubTopicToSingleShardInfo with various invalid formats","","","","","should throw an error for non-numeric clusterId: /waku/2/rs/!/1",""
"passed","Mon Apr 29 15:23:52 GMT 2024","Mon Apr 29 15:23:52 GMT 2024","0","Autosharding: Running Nodes","Different clusters and topics","","","","random auto sharding 9 - Cluster ID: 10, Content Topic: /app1/2/topic88/json",""
"passed","Mon Apr 29 15:26:06 GMT 2024","Mon Apr 29 15:26:06 GMT 2024","0","Waku Filter V2: Subscribe: Multiple Service Nodes: Strict Check mode: true","","","","","Subscribe to topic containing short and receive message",""
"passed","Mon Apr 29 15:18:12 GMT 2024","Mon Apr 29 15:18:12 GMT 2024","0","getPeers","getPeers with varying maxBootstrapPeers","maxBootstrapPeers=3","","","numPeers=3 -- returns total 3 peers, with max 3 bootstrap peers",""
"skipped","Mon Apr 29 15:14:59 GMT 2024","Mon Apr 29 15:14:59 GMT 2024","0","DNS Node Discovery [live data]","","","","","should retrieve 3 multiaddrs for test.waku.nodes.status.im",""
"passed","Mon Apr 29 15:23:52 GMT 2024","Mon Apr 29 15:23:52 GMT 2024","0","Autosharding: Running Nodes","Different clusters and topics","","","","random auto sharding 8 - Cluster ID: 10, Content Topic: /app58/3/topic917/test.js",""
"passed","Mon Apr 29 15:19:35 GMT 2024","Mon Apr 29 15:19:35 GMT 2024","3","Waku Filter V2: Subscribe: Single Service Node","","","","","Subscribe to topic containing long and receive message",""
"passed","Mon Apr 29 15:18:12 GMT 2024","Mon Apr 29 15:18:12 GMT 2024","0","getPeers","getPeers with varying maxBootstrapPeers","maxBootstrapPeers=5","","","numPeers=0 -- returns all peers including all non-bootstrap with maxBootstrapPeers: 5",""
"passed","Mon Apr 29 15:24:07 GMT 2024","Mon Apr 29 15:24:07 GMT 2024","0","Static Sharding: Running Nodes","Different clusters and shards","","","","random static sharding 4 - Cluster ID: 463, Shard ID: 973",""
"passed","Mon Apr 29 15:19:35 GMT 2024","Mon Apr 29 15:19:35 GMT 2024","2","Waku Filter V2: Subscribe: Single Service Node","","","","","Subscribe to topic containing SQL Injection and receive message",""
"passed","Mon Apr 29 15:23:51 GMT 2024","Mon Apr 29 15:23:51 GMT 2024","0","Waku Store, cursor","","","","","Passing a valid cursor at 19 index when there are 20 messages",""
"passed","Mon Apr 29 15:23:14 GMT 2024","Mon Apr 29 15:23:14 GMT 2024","0","Waku Filter V2: FilterPush: Multiple Nodes: Strict Checking: true","","","","","Check received message containing emoji",""
"passed","Mon Apr 29 15:27:51 GMT 2024","Mon Apr 29 15:27:51 GMT 2024","0","Autosharding: Peer Management","Peer Exchange","","","","px service nodes not subscribed to the shard should not be dialed",""
"passed","Mon Apr 29 15:24:24 GMT 2024","Mon Apr 29 15:24:24 GMT 2024","1","Waku Light Push: Multiple Nodes: Strict Check: true","","","","","Push message with shell command payload",""
"passed","Mon Apr 29 15:19:35 GMT 2024","Mon Apr 29 15:19:35 GMT 2024","1","Waku Filter V2: Subscribe: Single Service Node","","","","","Subscribe to topic containing special chars and receive message",""
"skipped","Mon Apr 29 15:23:14 GMT 2024","Mon Apr 29 15:23:14 GMT 2024","0","Waku Filter V2: FilterPush: Multiple Nodes: Strict Checking: true","","","","","Check message received after nwaku node is restarted",""
"passed","Mon Apr 29 15:15:51 GMT 2024","Mon Apr 29 15:15:51 GMT 2024","0","Waku Message Ephemeral field","","","","","Ephemeral messages are not stored",""
"passed","Mon Apr 29 15:18:31 GMT 2024","Mon Apr 29 15:18:31 GMT 2024","1","Waku Filter V2: FilterPush","","","","","Check received message containing Script",""
"passed","Mon Apr 29 15:22:32 GMT 2024","Mon Apr 29 15:22:32 GMT 2024","0","Waku Relay (named sharding), multiple pubsub topics","","","","","n1 and n2 uses a custom pubsub, n3 uses the default pubsub",""
"passed","Mon Apr 29 15:15:11 GMT 2024","Mon Apr 29 15:15:11 GMT 2024","0","Ensures content topic is defined","","","","","Encoder throws on undefined content topic",""
"passed","Mon Apr 29 15:26:06 GMT 2024","Mon Apr 29 15:26:06 GMT 2024","0","Waku Filter V2: Subscribe: Multiple Service Nodes: Strict Check mode: false","","","","","Subscribe to topic containing Script and receive message",""
"passed","Mon Apr 29 15:24:24 GMT 2024","Mon Apr 29 15:24:24 GMT 2024","0","Waku Light Push: Multiple Nodes: Strict Check: true","","","","","Push message with custom timestamp: 1683645492650",""
"passed","Mon Apr 29 15:14:34 GMT 2024","Mon Apr 29 15:14:34 GMT 2024","0","pushOrInitMapSet","","","","","Push to array if already present",""
"passed","Mon Apr 29 15:23:14 GMT 2024","Mon Apr 29 15:23:14 GMT 2024","0","Waku Filter V2: FilterPush: Multiple Nodes: Strict Checking: false","","","","","Check received message containing short",""
"passed","Mon Apr 29 15:24:07 GMT 2024","Mon Apr 29 15:24:07 GMT 2024","0","Static Sharding: Running Nodes","Different clusters and shards","","","","random static sharding 9 - Cluster ID: 339, Shard ID: 999",""
"passed","Mon Apr 29 15:14:35 GMT 2024","Mon Apr 29 15:14:35 GMT 2024","1","ensurePubsubTopicIsConfigured","","","","","should not throw an error for a single configured topic",""
"passed","Mon Apr 29 15:22:17 GMT 2024","Mon Apr 29 15:22:17 GMT 2024","1","Waku Light Push: Single Node","","","","","Fails to push message with empty content topic",""
"passed","Mon Apr 29 15:26:06 GMT 2024","Mon Apr 29 15:26:06 GMT 2024","0","Waku Filter V2: Subscribe: Multiple Service Nodes: Strict Check mode: true","","","","","Add multiple subscription objects on single nwaku node",""
"passed","Mon Apr 29 15:18:12 GMT 2024","Mon Apr 29 15:18:12 GMT 2024","1","getPeers","getPeers with varying maxBootstrapPeers","maxBootstrapPeers=7","","","numPeers=0 -- returns all peers including all non-bootstrap with maxBootstrapPeers: 7",""
"passed","Mon Apr 29 15:14:42 GMT 2024","Mon Apr 29 15:14:42 GMT 2024","1","ENR waku2 codec","Encoding","","","","should be able to encode the field with RELAY and FILTER protocols set to true",""
"passed","Mon Apr 29 15:14:35 GMT 2024","Mon Apr 29 15:14:35 GMT 2024","0","pubsubTopicToSingleShardInfo with various invalid formats","","","","","should extract SingleShardInfo from a valid PubsubTopic",""
"passed","Mon Apr 29 15:24:49 GMT 2024","Mon Apr 29 15:24:49 GMT 2024","0","Waku Store, order","","","","","Ordered Callback - forward",""
"passed","Mon Apr 29 15:22:17 GMT 2024","Mon Apr 29 15:22:17 GMT 2024","0","Waku Light Push: Single Node","","","","","Push message with numeric payload",""
"passed","Mon Apr 29 15:14:35 GMT 2024","Mon Apr 29 15:14:35 GMT 2024","0","Relay Shard codec","","","","","should correctly encode and decode relay shards using rsv format (Bit Vector)",""
"passed","Mon Apr 29 15:23:14 GMT 2024","Mon Apr 29 15:23:14 GMT 2024","0","Waku Filter V2: FilterPush: Multiple Nodes: Strict Checking: false","","","","","Check received message containing emoji",""
"passed","Mon Apr 29 15:24:51 GMT 2024","Mon Apr 29 15:24:51 GMT 2024","1","Waku Store (Autosharding), custom pubsub topic","","","","","Generator, 2 nwaku nodes each with different pubsubtopics",""
"passed","Mon Apr 29 15:22:59 GMT 2024","Mon Apr 29 15:22:59 GMT 2024","0","Waku Relay, Publish","","","","","Publish message with large meta",""
"passed","Mon Apr 29 15:14:35 GMT 2024","Mon Apr 29 15:14:35 GMT 2024","0","pubsubTopicToSingleShardInfo with various invalid formats","","","","","should throw an error for non-numeric shard: /waku/2/rs/1/\",""
"passed","Mon Apr 29 15:18:12 GMT 2024","Mon Apr 29 15:18:12 GMT 2024","1","getPeers","getPeers with varying maxBootstrapPeers","maxBootstrapPeers=2","","","numPeers=0 -- returns all peers including all non-bootstrap with maxBootstrapPeers: 2",""
"passed","Mon Apr 29 15:25:23 GMT 2024","Mon Apr 29 15:25:23 GMT 2024","0","Waku Dial [node only]","Interop: ServiceNode","","","","connects to nwaku",""
"passed","Mon Apr 29 15:14:58 GMT 2024","Mon Apr 29 15:14:58 GMT 2024","0","ENRTree","","","","","ENRTree (root): should error if DNS root entry is mis-prefixed",""
"passed","Mon Apr 29 15:14:35 GMT 2024","Mon Apr 29 15:14:35 GMT 2024","0","shardInfoToPubsubTopics","","","","","should handle clusterId, application and version for autosharding with cluster iD 0",""
"passed","Mon Apr 29 15:15:38 GMT 2024","Mon Apr 29 15:15:38 GMT 2024","1","DNS Discovery: Compliance Test","interface-peer-discovery compliance tests","","","","can start the service",""
"passed","Mon Apr 29 15:14:35 GMT 2024","Mon Apr 29 15:14:35 GMT 2024","1","ensureShardingConfigured","","","","","should throw an error for missing sharding configuration",""
"passed","Mon Apr 29 15:14:35 GMT 2024","Mon Apr 29 15:14:35 GMT 2024","1","ensureShardingConfigured","","","","","should configure sharding based on application and version for autosharding",""
"passed","Mon Apr 29 15:19:35 GMT 2024","Mon Apr 29 15:19:35 GMT 2024","0","Waku Filter V2: Subscribe: Single Service Node","","","","","Subscribe to topic containing emoji and receive message",""
"passed","Mon Apr 29 15:24:55 GMT 2024","Mon Apr 29 15:24:55 GMT 2024","0","Waku Store, general","","","","","Callback on promise, aborts when callback returns true",""
"passed","Mon Apr 29 15:24:51 GMT 2024","Mon Apr 29 15:24:51 GMT 2024","1","Waku Store (named sharding), custom pubsub topic","","","","","Generator, custom pubsub topic",""
"passed","Mon Apr 29 15:23:52 GMT 2024","Mon Apr 29 15:23:52 GMT 2024","1","Autosharding: Running Nodes","Others","","","","configure the node with multiple content topics",""
"passed","Mon Apr 29 15:18:12 GMT 2024","Mon Apr 29 15:18:12 GMT 2024","1","getPeers","getPeers with varying maxBootstrapPeers","maxBootstrapPeers=3","","","numPeers=2 -- returns total 2 peers, with max 3 bootstrap peers",""
"passed","Mon Apr 29 15:22:17 GMT 2024","Mon Apr 29 15:22:17 GMT 2024","0","Waku Light Push: Single Node","","","","","Push message with content topic containing Russian",""
"passed","Mon Apr 29 15:14:59 GMT 2024","Mon Apr 29 15:14:59 GMT 2024","0","DNS Node Discovery","","","","","ignores unrecognized TXT record formats",""
"passed","Mon Apr 29 15:25:15 GMT 2024","Mon Apr 29 15:25:15 GMT 2024","1","Waku Store, page size","","","","","Passing page size 11 when there are 10 messages",""
"passed","Mon Apr 29 15:14:35 GMT 2024","Mon Apr 29 15:14:35 GMT 2024","0","pubsubTopicToSingleShardInfo with various invalid formats","","","","","should throw an error for non-numeric shard: /waku/2/rs/1/!",""
"passed","Mon Apr 29 15:18:12 GMT 2024","Mon Apr 29 15:18:12 GMT 2024","0","getPeers","getPeers with varying maxBootstrapPeers","maxBootstrapPeers=2","","","numPeers=1 -- returns one bootstrap peer ",""
"passed","Mon Apr 29 15:23:14 GMT 2024","Mon Apr 29 15:23:14 GMT 2024","0","Waku Filter V2: FilterPush: Multiple Nodes: Strict Checking: true","","","","","Check received message containing XML",""
"passed","Mon Apr 29 15:16:42 GMT 2024","Mon Apr 29 15:16:42 GMT 2024","0","Waku Filter V2 (Named sharding): Multiple PubsubTopics","","","","","Subscribe and receive messages from 2 nwaku nodes each with different pubsubtopics",""
"passed","Mon Apr 29 15:14:35 GMT 2024","Mon Apr 29 15:14:35 GMT 2024","1","pubsubTopicToSingleShardInfo with various invalid formats","","","","","should throw an error for non-numeric shard: /waku/2/rs/1/",""
"passed","Mon Apr 29 15:14:43 GMT 2024","Mon Apr 29 15:14:43 GMT 2024","0","ENR","Waku2 key: decode","","","","Relay + Store",""
"passed","Mon Apr 29 15:23:18 GMT 2024","Mon Apr 29 15:23:18 GMT 2024","1","Peer Exchange","Compliance Test","interface-peer-discovery compliance tests","","","should emit a peer event after start",""
"passed","Mon Apr 29 15:25:34 GMT 2024","Mon Apr 29 15:25:34 GMT 2024","0","Wait for remote peer","","","","","Relay - dialed first",""
"passed","Mon Apr 29 15:25:05 GMT 2024","Mon Apr 29 15:25:05 GMT 2024","1","Waku Store, sorting","","","","","Query Generator sorting by timestamp while page direction is forward",""
"passed","Mon Apr 29 15:14:35 GMT 2024","Mon Apr 29 15:14:35 GMT 2024","0","pubsubTopicToSingleShardInfo with various invalid formats","","","","","should throw an error for invalid PubsubTopic format: /waku/2/rs",""
"passed","Mon Apr 29 15:16:51 GMT 2024","Mon Apr 29 15:16:51 GMT 2024","1","Waku Filter V2: Unsubscribe","","","","","Unsubscribes all - node subscribed to 1 topic",""
"passed","Mon Apr 29 15:15:09 GMT 2024","Mon Apr 29 15:15:09 GMT 2024","1","Ensures content topic is defined","","","","","Encoder throws on empty string content topic",""
"passed","Mon Apr 29 15:18:31 GMT 2024","Mon Apr 29 15:18:31 GMT 2024","1","Waku Filter V2: FilterPush","","","","","Check received message containing Basic HTML tag",""
"passed","Mon Apr 29 15:14:35 GMT 2024","Mon Apr 29 15:14:35 GMT 2024","0","singleShardInfosToShardInfo","","","","","should throw an error for empty SingleShardInfos array",""
"skipped","Mon Apr 29 15:22:59 GMT 2024","Mon Apr 29 15:22:59 GMT 2024","0","Waku Relay, Publish","","","","","Check publish message after client node is restarted",""
"passed","Mon Apr 29 15:15:11 GMT 2024","Mon Apr 29 15:15:11 GMT 2024","0","Ensures content topic is defined","","","","","Encoder throws on empty string content topic",""
"passed","Mon Apr 29 15:23:18 GMT 2024","Mon Apr 29 15:23:18 GMT 2024","3","Peer Exchange","Compliance Test","interface-peer-discovery compliance tests","","","should not receive a peer event before start",""
"passed","Mon Apr 29 15:26:06 GMT 2024","Mon Apr 29 15:26:06 GMT 2024","0","Waku Filter V2: Subscribe: Multiple Service Nodes: Strict Check mode: false","","","","","Subscribe and receives messages on 20 topics",""
"passed","Mon Apr 29 15:15:11 GMT 2024","Mon Apr 29 15:15:11 GMT 2024","0","Ensures content topic is defined","","","","","Decoder throws on undefined content topic",""
"passed","Mon Apr 29 15:23:14 GMT 2024","Mon Apr 29 15:23:14 GMT 2024","0","Waku Filter V2: FilterPush: Multiple Nodes: Strict Checking: false","","","","","Check received message with timestamp: 1714403726120000000 ",""
"passed","Mon Apr 29 15:16:15 GMT 2024","Mon Apr 29 15:16:15 GMT 2024","1","Connection state","","","","","`waku:online` between 2 js-waku relay nodes",""
"passed","Mon Apr 29 15:26:06 GMT 2024","Mon Apr 29 15:26:06 GMT 2024","0","Waku Filter V2: Subscribe: Multiple Service Nodes: Strict Check mode: false","","","","","Error when try to subscribe to more than 101 topics (new limit)",""
"passed","Mon Apr 29 15:23:51 GMT 2024","Mon Apr 29 15:23:51 GMT 2024","1","Waku Store, cursor","","","","","Passing a valid cursor at 110 index when there are 120 messages",""
"passed","Mon Apr 29 15:20:11 GMT 2024","Mon Apr 29 15:20:11 GMT 2024","0","Metadata Protocol","connections","","","","same cluster, same shard: nodes connect",""
"passed","Mon Apr 29 15:18:58 GMT 2024","Mon Apr 29 15:18:58 GMT 2024","1","Waku Filter V2: Unsubscribe: Multiple Nodes: Strict Checking: false","","","","","Unsubscribe topics the node is not subscribed to",""
"passed","Mon Apr 29 15:22:32 GMT 2024","Mon Apr 29 15:22:32 GMT 2024","0","Waku Relay, multiple pubsub topics","","","","","3 nodes on /waku/2/rs/3/1 topic",""
"passed","Mon Apr 29 15:14:43 GMT 2024","Mon Apr 29 15:14:43 GMT 2024","0","ENR","waku2 key round trip","","","","should set field with only STORE enabled",""
"passed","Mon Apr 29 15:23:52 GMT 2024","Mon Apr 29 15:23:52 GMT 2024","0","Autosharding: Running Nodes","Different clusters and topics","","","","random auto sharding 7 - Cluster ID: 10, Content Topic: /app33/5/topic760/json",""
"passed","Mon Apr 29 15:24:49 GMT 2024","Mon Apr 29 15:24:49 GMT 2024","0","Waku Store, order","","","","","Promise Callback  - backward",""
"passed","Mon Apr 29 15:14:35 GMT 2024","Mon Apr 29 15:14:35 GMT 2024","0","contentTopicsByPubsubTopic","","","","","groups multiple content topics into the same pubsub topic when they share the same shard index",""
"passed","Mon Apr 29 15:23:52 GMT 2024","Mon Apr 29 15:23:52 GMT 2024","1","Autosharding: Running Nodes","Different clusters and topics","","","","Cluster ID 0 - Default/Global Cluster",""
"passed","Mon Apr 29 15:26:06 GMT 2024","Mon Apr 29 15:26:06 GMT 2024","0","Waku Filter V2: Subscribe: Multiple Service Nodes: Strict Check mode: true","","","","","Subscribe to topic containing long and receive message",""
"passed","Mon Apr 29 15:26:06 GMT 2024","Mon Apr 29 15:26:06 GMT 2024","0","Waku Filter V2: Subscribe: Multiple Service Nodes: Strict Check mode: false","","","","","Subscribe to topic containing Arabic and receive message",""
"passed","Mon Apr 29 15:23:52 GMT 2024","Mon Apr 29 15:23:52 GMT 2024","0","Autosharding: Running Nodes","Different clusters and topics","","","","random auto sharding 4 - Cluster ID: 10, Content Topic: /app32/2/topic7/proto",""
"passed","Mon Apr 29 15:14:35 GMT 2024","Mon Apr 29 15:14:35 GMT 2024","0","determinePubsubTopic","","","","","should return a calculated topic if SingleShardInfo is provided",""
"passed","Mon Apr 29 15:19:35 GMT 2024","Mon Apr 29 15:19:35 GMT 2024","0","Waku Filter V2: Subscribe: Single Service Node","","","","","Subscribe to topic containing JSON and receive message",""
"passed","Mon Apr 29 15:18:12 GMT 2024","Mon Apr 29 15:18:12 GMT 2024","0","getPeers","getPeers with varying maxBootstrapPeers","maxBootstrapPeers=4","","","numPeers=2 -- returns total 2 peers, with max 4 bootstrap peers",""
"passed","Mon Apr 29 15:23:14 GMT 2024","Mon Apr 29 15:23:14 GMT 2024","1","Waku Filter V2: FilterPush: Multiple Nodes: Strict Checking: true","","","","","Check received message containing numeric",""
"passed","Mon Apr 29 15:14:58 GMT 2024","Mon Apr 29 15:14:58 GMT 2024","1","ENRTree","","","","","ENRTree (tree): should parse a DNS tree entry",""
"passed","Mon Apr 29 15:15:11 GMT 2024","Mon Apr 29 15:15:11 GMT 2024","1","Ensures content topic is defined","","","","","Decoder throws on empty string content topic",""
"passed","Mon Apr 29 15:26:06 GMT 2024","Mon Apr 29 15:26:06 GMT 2024","0","Waku Filter V2: Subscribe: Multiple Service Nodes: Strict Check mode: false","","","","","Subscribe to topic containing Russian and receive message",""
"passed","Mon Apr 29 15:22:59 GMT 2024","Mon Apr 29 15:22:59 GMT 2024","0","Waku Relay, Publish","","","","","Fails to publish message with wrong content topic",""
"passed","Mon Apr 29 15:15:27 GMT 2024","Mon Apr 29 15:15:27 GMT 2024","8","Events","peer:connect","","","","should emit `peer:connected:peer-exchange` event when a peer is connected",""
"passed","Mon Apr 29 15:24:24 GMT 2024","Mon Apr 29 15:24:24 GMT 2024","1","Waku Light Push: Multiple Nodes: Strict Check: true","","","","","Push message with escaped characters payload",""
"passed","Mon Apr 29 15:14:43 GMT 2024","Mon Apr 29 15:14:43 GMT 2024","0","ENR","Verify","","","","should return false",""
"passed","Mon Apr 29 15:22:32 GMT 2024","Mon Apr 29 15:22:32 GMT 2024","0","Waku Relay (Autosharding), multiple pubsub topics","","","","","3 nodes on /waku/2/rs/7/0 topic",""
"passed","Mon Apr 29 15:26:06 GMT 2024","Mon Apr 29 15:26:06 GMT 2024","1","Waku Filter V2: Subscribe: Multiple Service Nodes: Strict Check mode: true","","","","","Subscribe and receive 2 messages on the same topic",""
"passed","Mon Apr 29 15:26:06 GMT 2024","Mon Apr 29 15:26:06 GMT 2024","0","Waku Filter V2: Subscribe: Multiple Service Nodes: Strict Check mode: true","","","","","Subscribe to topic containing escaped characters and receive message",""
"passed","Mon Apr 29 15:23:13 GMT 2024","Mon Apr 29 15:23:13 GMT 2024","1","Waku Relay, Subscribe","","","","","Subscribe and publish message",""
"passed","Mon Apr 29 15:23:18 GMT 2024","Mon Apr 29 15:23:18 GMT 2024","0","Peer Exchange","Compliance Test","interface-peer-discovery compliance tests","","","can start the service",""
"passed","Mon Apr 29 15:19:35 GMT 2024","Mon Apr 29 15:19:35 GMT 2024","0","Waku Filter V2: Subscribe: Single Service Node","","","","","Subscribe to topic containing Basic HTML tag and receive message",""
"passed","Mon Apr 29 15:22:59 GMT 2024","Mon Apr 29 15:22:59 GMT 2024","1","Waku Relay, Publish","","","","","Check publish message containing long",""
"passed","Mon Apr 29 15:24:24 GMT 2024","Mon Apr 29 15:24:24 GMT 2024","0","Waku Light Push: Multiple Nodes: Strict Check: true","","","","","Push message with content topic containing numeric",""
"skipped","Mon Apr 29 15:23:14 GMT 2024","Mon Apr 29 15:23:14 GMT 2024","0","Waku Filter V2: FilterPush: Multiple Nodes: Strict Checking: false","","","","","Check message received after jswaku node is restarted",""
"passed","Mon Apr 29 15:14:42 GMT 2024","Mon Apr 29 15:14:42 GMT 2024","0","ENR waku2 codec","Decoding","","","","should be able to decode the field with RELAY and FILTER protocols set to true",""
"passed","Mon Apr 29 15:25:24 GMT 2024","Mon Apr 29 15:25:24 GMT 2024","0","Waku Store, time filter","","","","","msgTime: -19000 ms from now, startTime: -19002, endTime: -19001",""
"passed","Mon Apr 29 15:22:17 GMT 2024","Mon Apr 29 15:22:17 GMT 2024","0","Waku Light Push: Single Node","","","","","Throws when trying to push message with empty payload",""
"passed","Mon Apr 29 15:23:14 GMT 2024","Mon Apr 29 15:23:14 GMT 2024","1","Waku Filter V2: FilterPush: Multiple Nodes: Strict Checking: false","","","","","Check message with no content topic is not received",""
"passed","Mon Apr 29 15:25:34 GMT 2024","Mon Apr 29 15:25:34 GMT 2024","0","Wait for remote peer","","","","","Privacy Node - default protocol",""
"passed","Mon Apr 29 15:14:43 GMT 2024","Mon Apr 29 15:14:43 GMT 2024","1","ENR","Location multiaddr","","","","should properly create location multiaddrs - tcp4",""
"passed","Mon Apr 29 15:15:03 GMT 2024","Mon Apr 29 15:15:03 GMT 2024","0","Local Storage Discovery","Compliance Tests","interface-peer-discovery compliance tests","","","can start the service",""
"passed","Mon Apr 29 15:14:43 GMT 2024","Mon Apr 29 15:14:43 GMT 2024","1","ENR","Txt codec","","","","should decode valid ENR with multiaddrs successfully [shared test vector]",""
"passed","Mon Apr 29 15:14:35 GMT 2024","Mon Apr 29 15:14:35 GMT 2024","0","pubsubTopicToSingleShardInfo with various invalid formats","","","","","should throw an error for non-numeric clusterId: /waku/2/rs/-/1",""
"passed","Mon Apr 29 15:18:12 GMT 2024","Mon Apr 29 15:18:12 GMT 2024","0","getPeers","getPeers with varying maxBootstrapPeers","maxBootstrapPeers=1","","","numPeers=4 -- returns total 4 peers, with max 1 bootstrap peers",""
"passed","Mon Apr 29 15:23:14 GMT 2024","Mon Apr 29 15:23:14 GMT 2024","0","Waku Filter V2: FilterPush: Multiple Nodes: Strict Checking: false","","","","","Check received message containing special chars",""
"passed","Mon Apr 29 15:22:17 GMT 2024","Mon Apr 29 15:22:17 GMT 2024","0","Waku Light Push: Single Node","","","","","Push message with content topic containing Basic HTML tag",""
"passed","Mon Apr 29 15:24:49 GMT 2024","Mon Apr 29 15:24:49 GMT 2024","0","Waku Store, order","","","","","Promise Callback  - forward",""
"passed","Mon Apr 29 15:26:06 GMT 2024","Mon Apr 29 15:26:06 GMT 2024","0","Waku Filter V2: Subscribe: Multiple Service Nodes: Strict Check mode: true","","","","","Subscribe and receive symmetrically encrypted messages via lightPush",""
"passed","Mon Apr 29 15:22:59 GMT 2024","Mon Apr 29 15:22:59 GMT 2024","0","Waku Relay, Publish","","","","","Check publish message containing emoji",""
"passed","Mon Apr 29 15:19:35 GMT 2024","Mon Apr 29 15:19:35 GMT 2024","1","This","Is","","","","A test",""
"passed","Mon Apr 29 15:22:17 GMT 2024","Mon Apr 29 15:22:17 GMT 2024","0","Waku Light Push: Single Node","","","","","Push message with XML payload",""
"passed","Mon Apr 29 15:14:35 GMT 2024","Mon Apr 29 15:14:35 GMT 2024","0","contentTopicToShardIndex","","","","","should correctly map /toychat/2/huilong/proto to shard index 3",""
"passed","Mon Apr 29 15:24:24 GMT 2024","Mon Apr 29 15:24:24 GMT 2024","0","Waku Light Push: Multiple Nodes: Strict Check: true","","","","","Push message with rate limit",""
"passed","Mon Apr 29 15:24:49 GMT 2024","Mon Apr 29 15:24:49 GMT 2024","0","Waku Store, order","","","","","Query Generator  - forward",""
"passed","Mon Apr 29 15:26:06 GMT 2024","Mon Apr 29 15:26:06 GMT 2024","0","Waku Filter V2: Subscribe: Multiple Service Nodes: Strict Check mode: true","","","","","Subscribe to topic containing SQL Injection and receive message",""
"passed","Mon Apr 29 15:14:35 GMT 2024","Mon Apr 29 15:14:35 GMT 2024","0","ensureShardingConfigured","","","","","handles empty contentTopics array correctly",""
"passed","Mon Apr 29 15:23:13 GMT 2024","Mon Apr 29 15:23:13 GMT 2024","1","Waku Relay, Subscribe","","","","","Register correct protocols",""
"passed","Mon Apr 29 15:23:52 GMT 2024","Mon Apr 29 15:23:52 GMT 2024","0","Autosharding: Running Nodes","Others","","","","using a protocol with unconfigured pubsub topic should fail",""
"passed","Mon Apr 29 15:14:59 GMT 2024","Mon Apr 29 15:14:59 GMT 2024","1","DNS Node Discovery w/ capabilities","","","","","should only return 1 node with relay capability",""
"passed","Mon Apr 29 15:25:23 GMT 2024","Mon Apr 29 15:25:23 GMT 2024","0","Waku Dial [node only]","Interop: ServiceNode","","","","Does not throw an exception when node disconnects",""
"passed","Mon Apr 29 15:20:11 GMT 2024","Mon Apr 29 15:20:11 GMT 2024","0","Metadata Protocol","connections","","","","different cluster, different shard: nodes don't connect",""
"passed","Mon Apr 29 15:22:17 GMT 2024","Mon Apr 29 15:22:17 GMT 2024","0","Waku Light Push: Single Node","","","","","Push message with Russian payload",""
"passed","Mon Apr 29 15:14:58 GMT 2024","Mon Apr 29 15:14:58 GMT 2024","2","Discovery","","","","","returns all values when wanted number matches available values",""
"passed","Mon Apr 29 15:20:11 GMT 2024","Mon Apr 29 15:20:11 GMT 2024","1","Metadata Protocol","","","","","PeerStore has remote peer's shard info after successful connection",""
"passed","Mon Apr 29 15:23:13 GMT 2024","Mon Apr 29 15:23:13 GMT 2024","0","Waku Relay, Subscribe","","","","","Publish without waiting for remote peer",""
"passed","Mon Apr 29 15:14:43 GMT 2024","Mon Apr 29 15:14:43 GMT 2024","1","ENR","Multiaddr getters and setters","","","","should get / set UDP multiaddr",""
"passed","Mon Apr 29 15:15:35 GMT 2024","Mon Apr 29 15:15:35 GMT 2024","1","Dials","dialPeer method","For bootstrap peers","","","should not be called more than DEFAULT_MAX_BOOTSTRAP_PEERS_ALLOWED times for bootstrap peers",""
"passed","Mon Apr 29 15:14:35 GMT 2024","Mon Apr 29 15:14:35 GMT 2024","0","contentTopicToShardIndex","","","","","should correctly map /0/toychat/2/huilong/proto to shard index 3",""
"passed","Mon Apr 29 15:24:24 GMT 2024","Mon Apr 29 15:24:24 GMT 2024","0","Waku Light Push: Multiple Nodes: Strict Check: true","","","","","Push message with content topic containing Script",""
"passed","Mon Apr 29 15:18:58 GMT 2024","Mon Apr 29 15:18:58 GMT 2024","0","Waku Filter V2: Unsubscribe: Multiple Nodes: Strict Checking: true","","","","","Unsubscribes all - node subscribed to 1 topic",""
"passed","Mon Apr 29 15:26:06 GMT 2024","Mon Apr 29 15:26:06 GMT 2024","0","Waku Filter V2: Subscribe: Multiple Service Nodes: Strict Check mode: true","","","","","Error when try to subscribe to more than 101 topics (new limit)",""
"passed","Mon Apr 29 15:18:12 GMT 2024","Mon Apr 29 15:18:12 GMT 2024","0","getPeers","getPeers with varying maxBootstrapPeers","maxBootstrapPeers=2","","","numPeers=4 -- returns total 4 peers, with max 2 bootstrap peers",""
"passed","Mon Apr 29 15:24:24 GMT 2024","Mon Apr 29 15:24:24 GMT 2024","0","Waku Light Push: Multiple Nodes: Strict Check: true","","","","","Push message with content topic containing JSON",""
"passed","Mon Apr 29 15:18:31 GMT 2024","Mon Apr 29 15:18:31 GMT 2024","1","Waku Filter V2: FilterPush","","","","","Check message with no content topic is not received",""
"passed","Mon Apr 29 15:14:59 GMT 2024","Mon Apr 29 15:14:59 GMT 2024","0","DNS Node Discovery w/ capabilities","","","","","retrieves all peers (3) when branch entries are composed of multiple strings",""
"passed","Mon Apr 29 15:25:34 GMT 2024","Mon Apr 29 15:25:34 GMT 2024","0","Wait for remote peer","","","","","Store - dialed first",""
"passed","Mon Apr 29 15:19:35 GMT 2024","Mon Apr 29 15:19:35 GMT 2024","1","Waku Filter V2: Subscribe: Single Service Node","","","","","Subscribe and receive messages via waku relay post",""
"passed","Mon Apr 29 15:24:24 GMT 2024","Mon Apr 29 15:24:24 GMT 2024","0","Waku Light Push: Multiple Nodes: Strict Check: true","","","","","Push message with content topic containing XML",""
"passed","Mon Apr 29 15:14:35 GMT 2024","Mon Apr 29 15:14:35 GMT 2024","1","pubsubTopicToSingleShardInfo with various invalid formats","","","","","should throw an error for non-numeric clusterId: /waku/2/rs/y/1",""
"passed","Mon Apr 29 15:25:24 GMT 2024","Mon Apr 29 15:25:24 GMT 2024","1","Waku Store, time filter","","","","","msgTime: 19000 ms from now, startTime: 18990, endTime: 19010",""
"passed","Mon Apr 29 15:22:32 GMT 2024","Mon Apr 29 15:22:32 GMT 2024","1","Waku Relay (Autosharding), multiple pubsub topics","","","","","3 nodes on /waku/2/rs/7/1 topic",""
"passed","Mon Apr 29 15:23:13 GMT 2024","Mon Apr 29 15:23:13 GMT 2024","0","Waku Relay, Subscribe","","","","","Subscribe to topic containing Basic HTML tag and publish message",""
"passed","Mon Apr 29 15:23:14 GMT 2024","Mon Apr 29 15:23:14 GMT 2024","1","Waku Filter V2: FilterPush: Multiple Nodes: Strict Checking: false","","","","","Check message with invalid timestamp is not received",""
"passed","Mon Apr 29 15:23:14 GMT 2024","Mon Apr 29 15:23:14 GMT 2024","1","Waku Filter V2: FilterPush: Multiple Nodes: Strict Checking: true","","","","","Check received message with timestamp: 1649153314 ",""
"passed","Mon Apr 29 15:23:13 GMT 2024","Mon Apr 29 15:23:13 GMT 2024","2","Waku Relay, Subscribe","","","","","Subscribe to topic containing SQL Injection and publish message",""
"passed","Mon Apr 29 15:23:14 GMT 2024","Mon Apr 29 15:23:14 GMT 2024","0","Waku Filter V2: FilterPush: Multiple Nodes: Strict Checking: true","","","","","Check received message containing SQL Injection",""
"passed","Mon Apr 29 15:14:35 GMT 2024","Mon Apr 29 15:14:35 GMT 2024","0","pubsubTopicToSingleShardInfo with various invalid formats","","","","","should throw an error for non-numeric shard: /waku/2/rs/1/-",""
"passed","Mon Apr 29 15:24:24 GMT 2024","Mon Apr 29 15:24:24 GMT 2024","0","Waku Light Push: Multiple Nodes: Strict Check: true","","","","","Push message with content topic containing shell command",""
"passed","Mon Apr 29 15:26:06 GMT 2024","Mon Apr 29 15:26:06 GMT 2024","0","Waku Filter V2: Subscribe: Multiple Service Nodes: Strict Check mode: true","","","","","Subscribe to topic containing Arabic and receive message",""
"passed","Mon Apr 29 15:22:17 GMT 2024","Mon Apr 29 15:22:17 GMT 2024","0","Waku Light Push: Single Node","","","","","Push message with content topic containing numeric",""
"passed","Mon Apr 29 15:14:43 GMT 2024","Mon Apr 29 15:14:43 GMT 2024","0","ENR","waku2 key round trip","","","","should set field with only LIGHTPUSH enabled",""
"passed","Mon Apr 29 15:22:17 GMT 2024","Mon Apr 29 15:22:17 GMT 2024","0","Waku Light Push: Single Node","","","","","Push message with content topic containing long",""
"passed","Mon Apr 29 15:23:51 GMT 2024","Mon Apr 29 15:23:51 GMT 2024","1","Waku Store, cursor","","","","","Passing a valid cursor at 0 index when there are 20 messages",""
"passed","Mon Apr 29 15:18:31 GMT 2024","Mon Apr 29 15:18:31 GMT 2024","1","Waku Filter V2: FilterPush","","","","","Check received message containing shell command",""
"passed","Mon Apr 29 15:14:35 GMT 2024","Mon Apr 29 15:14:35 GMT 2024","0","contentTopicToShardIndex","","","","","should correctly map /app/20/sometopic/someencoding to shard index 7",""
"passed","Mon Apr 29 15:14:35 GMT 2024","Mon Apr 29 15:14:35 GMT 2024","1","ensureValidContentTopic","","","","","throws on content topic with empty version field",""
"passed","Mon Apr 29 15:23:14 GMT 2024","Mon Apr 29 15:23:14 GMT 2024","1","Waku Filter V2: FilterPush: Multiple Nodes: Strict Checking: true","","","","","Check received message containing JSON",""
"passed","Mon Apr 29 15:24:24 GMT 2024","Mon Apr 29 15:24:24 GMT 2024","1","Waku Light Push: Multiple Nodes: Strict Check: true","","","","","Fails to push message with empty content topic",""
"passed","Mon Apr 29 15:24:55 GMT 2024","Mon Apr 29 15:24:55 GMT 2024","0","Waku Store, general","","","","","Ordered callback, aborts when callback returns true",""
"passed","Mon Apr 29 15:20:00 GMT 2024","Mon Apr 29 15:20:00 GMT 2024","1","Waku Light Push : Multiple PubsubTopics","","","","","Push message on custom pubsubTopic",""
"passed","Mon Apr 29 15:26:06 GMT 2024","Mon Apr 29 15:26:06 GMT 2024","0","Waku Filter V2: Subscribe: Multiple Service Nodes: Strict Check mode: true","","","","","Subscribe and receive messages via lightPush",""
"passed","Mon Apr 29 15:16:49 GMT 2024","Mon Apr 29 15:16:49 GMT 2024","0","Waku Filter V2: Ping: Multiple Nodes: Strict Checking: true","","","","","Reopen subscription with peer with lost subscription",""
"passed","Mon Apr 29 15:24:49 GMT 2024","Mon Apr 29 15:24:49 GMT 2024","3","Waku Store, order","","","","","Ordered Callback - backward",""
"passed","Mon Apr 29 15:16:08 GMT 2024","Mon Apr 29 15:16:08 GMT 2024","0","Public methods","","","","","dispatchEvent via connectionManager",""
"passed","Mon Apr 29 15:14:42 GMT 2024","Mon Apr 29 15:14:42 GMT 2024","0","ENR waku2 codec","Decoding","","","","should be able to decode the field with ALL protocols set to false",""
"passed","Mon Apr 29 15:24:43 GMT 2024","Mon Apr 29 15:24:43 GMT 2024","0","Waku Store, error handling","","","","","Query with Promise Callback, Multiple PubsubTopics",""
"passed","Mon Apr 29 15:23:14 GMT 2024","Mon Apr 29 15:23:14 GMT 2024","0","Waku Filter V2: FilterPush: Multiple Nodes: Strict Checking: false","","","","","Check message with no payload is not received",""
"passed","Mon Apr 29 15:14:43 GMT 2024","Mon Apr 29 15:14:43 GMT 2024","0","ENR","Location multiaddr","","","","should properly create location multiaddrs - udp6",""
"passed","Mon Apr 29 15:15:03 GMT 2024","Mon Apr 29 15:15:03 GMT 2024","0","Local Storage Discovery","Unit Tests","","","","should add and remove event listeners correctly",""
"passed","Mon Apr 29 15:24:51 GMT 2024","Mon Apr 29 15:24:51 GMT 2024","1","Waku Store, custom pubsub topic","","","","","Generator, 2 different pubsubtopics",""
"passed","Mon Apr 29 15:22:17 GMT 2024","Mon Apr 29 15:22:17 GMT 2024","1","Waku Light Push: Single Node","","","","","Push message with content topic containing Arabic",""
"passed","Mon Apr 29 15:23:13 GMT 2024","Mon Apr 29 15:23:13 GMT 2024","1","Waku Relay, Subscribe","","","","","Subscribe one by one to 100 topics and publish messages",""
"passed","Mon Apr 29 15:18:31 GMT 2024","Mon Apr 29 15:18:31 GMT 2024","0","Waku Filter V2: FilterPush","","","","","Check received message containing special chars",""
"passed","Mon Apr 29 15:16:08 GMT 2024","Mon Apr 29 15:16:08 GMT 2024","0","Public methods","","","","","safeDispatchEvent",""
"passed","Mon Apr 29 15:14:48 GMT 2024","Mon Apr 29 15:14:48 GMT 2024","0","Sets sharding configuration correctly","","","","","uses static shard pubsub topic instead of autosharding when set",""
"passed","Mon Apr 29 15:14:48 GMT 2024","Mon Apr 29 15:14:48 GMT 2024","1","Ensures content topic is defined","","","","","Encoder throws on empty string content topic",""
"passed","Mon Apr 29 15:14:35 GMT 2024","Mon Apr 29 15:14:35 GMT 2024","1","shardInfoToPubsubTopics","","","","","should throw an error if shards are undefined for static sharding",""
"passed","Mon Apr 29 15:22:17 GMT 2024","Mon Apr 29 15:22:17 GMT 2024","2","Waku Light Push: Single Node","","","","","Push message with content topic containing emoji",""
"passed","Mon Apr 29 15:16:49 GMT 2024","Mon Apr 29 15:16:49 GMT 2024","1","Waku Filter V2: Ping: Multiple Nodes: Strict Checking: false","","","","","Ping on peer without subscriptions",""
"passed","Mon Apr 29 15:14:42 GMT 2024","Mon Apr 29 15:14:42 GMT 2024","1","ENR waku2 codec","Encoding","","","","should be able to encode the field with only STORE set to true",""
"skipped","Mon Apr 29 15:22:11 GMT 2024","Mon Apr 29 15:22:11 GMT 2024","0","Peer Exchange Query","","","","","more peers than existing",""
"passed","Mon Apr 29 15:24:43 GMT 2024","Mon Apr 29 15:24:43 GMT 2024","1","Waku Store, error handling","","","","","Query with Ordered Callback, No Decoder",""
"passed","Mon Apr 29 15:14:35 GMT 2024","Mon Apr 29 15:14:35 GMT 2024","0","singleShardInfoToPubsubTopic","","","","","should convert a SingleShardInfo object to the correct PubsubTopic",""
"passed","Mon Apr 29 15:15:27 GMT 2024","Mon Apr 29 15:15:27 GMT 2024","1","Events","peer:disconnect","","","","isConnected should return false after all peers disconnect",""
"passed","Mon Apr 29 15:27:51 GMT 2024","Mon Apr 29 15:27:51 GMT 2024","0","Static Sharding: Peer Management","Peer Exchange","","","","all px service nodes subscribed to the shard topic should be dialed",""
"passed","Mon Apr 29 15:14:35 GMT 2024","Mon Apr 29 15:14:35 GMT 2024","0","ensureShardingConfigured","","","","","handles empty shards array correctly",""
"passed","Mon Apr 29 15:16:15 GMT 2024","Mon Apr 29 15:16:15 GMT 2024","1","Connection state","","","","","isConnected should return true after first peer connects",""
"passed","Mon Apr 29 15:14:43 GMT 2024","Mon Apr 29 15:14:43 GMT 2024","0","ENR","waku2 key round trip","","","","should set field with only RELAY enabled",""
"passed","Mon Apr 29 15:14:35 GMT 2024","Mon Apr 29 15:14:35 GMT 2024","0","shardInfoToPubsubTopics","","","","","should handle application and version for autosharding",""
"passed","Mon Apr 29 15:14:35 GMT 2024","Mon Apr 29 15:14:35 GMT 2024","0","pubsubTopicToSingleShardInfo with various invalid formats","","","","","should throw an error for non-numeric clusterId: /waku/2/rs/x/1",""
"passed","Mon Apr 29 15:26:06 GMT 2024","Mon Apr 29 15:26:06 GMT 2024","1","Waku Filter V2: Subscribe: Multiple Service Nodes: Strict Check mode: false","","","","","Subscribe to topic containing escaped characters and receive message",""
"passed","Mon Apr 29 15:22:59 GMT 2024","Mon Apr 29 15:22:59 GMT 2024","0","Waku Relay, Publish","","","","","Fails to publish duplicate message",""
"passed","Mon Apr 29 15:23:14 GMT 2024","Mon Apr 29 15:23:14 GMT 2024","0","Waku Filter V2: FilterPush: Multiple Nodes: Strict Checking: true","","","","","Check message with no payload is not received",""
"skipped","Mon Apr 29 15:22:59 GMT 2024","Mon Apr 29 15:22:59 GMT 2024","0","SDK: Creating by Content Topic","","","","","receives messages sent to provided content topic through callback (Waku class)",""
"passed","Mon Apr 29 15:14:43 GMT 2024","Mon Apr 29 15:14:43 GMT 2024","0","ENR multiaddrs codec","","","","","Sample",""
"passed","Mon Apr 29 15:24:24 GMT 2024","Mon Apr 29 15:24:24 GMT 2024","10","Waku Light Push: Multiple Nodes: Strict Check: true","","","","","Push message with emoji payload",""
"passed","Mon Apr 29 15:25:15 GMT 2024","Mon Apr 29 15:25:15 GMT 2024","0","Waku Store, page size","","","","","Passing page size 10 when there are 10 messages",""
"passed","Mon Apr 29 15:18:12 GMT 2024","Mon Apr 29 15:18:12 GMT 2024","1","getPeers","getPeers with varying maxBootstrapPeers","maxBootstrapPeers=1","","","numPeers=1 -- returns one bootstrap peer ",""
"passed","Mon Apr 29 15:14:42 GMT 2024","Mon Apr 29 15:14:42 GMT 2024","1","ENR waku2 codec","Decoding","","","","should be able to decode the field with STORE and LIGHTPUSH protocols set to true",""
"passed","Mon Apr 29 15:14:47 GMT 2024","Mon Apr 29 15:14:47 GMT 2024","2","to proto message","","","","","Fields are not dropped",""
"passed","Mon Apr 29 15:14:59 GMT 2024","Mon Apr 29 15:14:59 GMT 2024","1","Fetch nodes until capabilities are fulfilled","","","","","1 Store, 2 relays, 2 fetches",""
"passed","Mon Apr 29 15:22:59 GMT 2024","Mon Apr 29 15:22:59 GMT 2024","1","Waku Relay, Publish","","","","","Check publish message containing numeric",""
"passed","Mon Apr 29 15:14:59 GMT 2024","Mon Apr 29 15:14:59 GMT 2024","0","Fetch nodes until capabilities are fulfilled","","","","","1 Relay, 1 Filter, gives up",""
"passed","Mon Apr 29 15:18:58 GMT 2024","Mon Apr 29 15:18:58 GMT 2024","1","Waku Filter V2: Unsubscribe: Multiple Nodes: Strict Checking: true","","","","","Unsubscribes all - node subscribed to 10 topics",""
"passed","Mon Apr 29 15:14:35 GMT 2024","Mon Apr 29 15:14:35 GMT 2024","0","contentTopicToPubsubTopic","","","","","should map different content topics to different pubsub topics based on shard index",""
"passed","Mon Apr 29 15:25:34 GMT 2024","Mon Apr 29 15:25:34 GMT 2024","0","Wait for remote peer","","","","","Store - dialed after - with timeout",""
"passed","Mon Apr 29 15:18:31 GMT 2024","Mon Apr 29 15:18:31 GMT 2024","1","Waku Filter V2: FilterPush","","","","","Check message with no pubsub topic is not received",""
"passed","Mon Apr 29 15:26:06 GMT 2024","Mon Apr 29 15:26:06 GMT 2024","0","Waku Filter V2: Subscribe: Multiple Service Nodes: Strict Check mode: false","","","","","Subscribe to topic containing JSON and receive message",""
"skipped","Mon Apr 29 15:23:13 GMT 2024","Mon Apr 29 15:23:13 GMT 2024","0","Waku Relay, Subscribe","","","","","Refresh subscription",""
"passed","Mon Apr 29 15:18:12 GMT 2024","Mon Apr 29 15:18:12 GMT 2024","0","getPeers","getPeers with varying maxBootstrapPeers","maxBootstrapPeers=6","","","numPeers=0 -- returns all peers including all non-bootstrap with maxBootstrapPeers: 6",""
"passed","Mon Apr 29 15:25:15 GMT 2024","Mon Apr 29 15:25:15 GMT 2024","0","Waku Store, page size","","","","","Passing page size 0 when there are 110 messages",""
"passed","Mon Apr 29 15:15:03 GMT 2024","Mon Apr 29 15:15:03 GMT 2024","0","Local Storage Discovery","Compliance Tests","interface-peer-discovery compliance tests","","","should not fail to start the service if it is already started",""
"passed","Mon Apr 29 15:25:23 GMT 2024","Mon Apr 29 15:25:23 GMT 2024","0","Waku Dial [node only]","Bootstrap","","","","Passing an array",""
"passed","Mon Apr 29 15:22:17 GMT 2024","Mon Apr 29 15:22:17 GMT 2024","0","Waku Light Push: Single Node","","","","","Push message with content topic containing escaped characters",""
"passed","Mon Apr 29 15:22:59 GMT 2024","Mon Apr 29 15:22:59 GMT 2024","1","Waku Relay, Publish","","","","","Check publish message containing Chinese",""
"passed","Mon Apr 29 15:22:32 GMT 2024","Mon Apr 29 15:22:32 GMT 2024","1","Waku Relay (named sharding), multiple pubsub topics","","","","","3 nodes on /waku/2/rs/3/1 topic",""
"skipped","Mon Apr 29 15:22:59 GMT 2024","Mon Apr 29 15:22:59 GMT 2024","1","SDK: Creating by Content Topic","","","","","given a content topic, creates a waku node and filter subscription",""
"passed","Mon Apr 29 15:16:42 GMT 2024","Mon Apr 29 15:16:42 GMT 2024","1","Waku Filter V2: Multiple PubsubTopics","","","","","Subscribe and receive messages on 2 different pubsubtopics",""
"passed","Mon Apr 29 15:14:35 GMT 2024","Mon Apr 29 15:14:35 GMT 2024","0","contentTopicToShardIndex","","","","","should correctly map /app/29/sometopic/someencoding to shard index 6",""
"passed","Mon Apr 29 15:22:59 GMT 2024","Mon Apr 29 15:22:59 GMT 2024","0","Waku Relay, Publish","","","","","Publish message with custom timestamp: Mon Apr 29 2024 16:22:32 GMT+0000 (Coordinated Universal Time)",""
"passed","Mon Apr 29 15:18:31 GMT 2024","Mon Apr 29 15:18:31 GMT 2024","1","Waku Filter V2: FilterPush","","","","","Check received message containing short",""
"passed","Mon Apr 29 15:22:59 GMT 2024","Mon Apr 29 15:22:59 GMT 2024","0","Waku Relay, Publish","","","","","Fails to publish message with size larger than 1 MB",""
"passed","Mon Apr 29 15:15:27 GMT 2024","Mon Apr 29 15:15:27 GMT 2024","3","Events","peer:disconnect","","","","should emit `waku:offline` event when all peers disconnect",""
"passed","Mon Apr 29 15:25:24 GMT 2024","Mon Apr 29 15:25:24 GMT 2024","1","Waku Store, time filter","","","","","Timestamp too far from node time: -20000 ms from now",""
"passed","Mon Apr 29 15:15:09 GMT 2024","Mon Apr 29 15:15:09 GMT 2024","0","Ensures content topic is defined","","","","","Decoder throws on undefined content topic",""
"passed","Mon Apr 29 15:24:24 GMT 2024","Mon Apr 29 15:24:24 GMT 2024","1","Waku Light Push: Multiple Nodes: Strict Check: true","","","","","Push message with special chars payload",""
"passed","Mon Apr 29 15:18:12 GMT 2024","Mon Apr 29 15:18:12 GMT 2024","0","getPeers","getPeers with varying maxBootstrapPeers","maxBootstrapPeers=7","","","numPeers=3 -- returns total 3 peers, with max 7 bootstrap peers",""
"passed","Mon Apr 29 15:18:12 GMT 2024","Mon Apr 29 15:18:12 GMT 2024","0","getPeers","getPeers with varying maxBootstrapPeers","maxBootstrapPeers=3","","","numPeers=4 -- returns total 4 peers, with max 3 bootstrap peers",""
"passed","Mon Apr 29 15:14:43 GMT 2024","Mon Apr 29 15:14:43 GMT 2024","0","ENR","Txt codec","","","","should decode valid enr with tcp successfully",""
"passed","Mon Apr 29 15:18:31 GMT 2024","Mon Apr 29 15:18:31 GMT 2024","0","Waku Filter V2: FilterPush","","","","","Check received message containing Chinese",""
"passed","Mon Apr 29 15:23:13 GMT 2024","Mon Apr 29 15:23:13 GMT 2024","0","Waku Relay, Subscribe","","","","","Subscribe at once to 10000 topics and publish messages",""
"passed","Mon Apr 29 15:26:06 GMT 2024","Mon Apr 29 15:26:06 GMT 2024","0","Waku Filter V2: Subscribe: Multiple Service Nodes: Strict Check mode: false","","","","","Subscribe to topic containing numeric and receive message",""
"passed","Mon Apr 29 15:18:12 GMT 2024","Mon Apr 29 15:18:12 GMT 2024","4","getPeers","getPeers with varying maxBootstrapPeers","maxBootstrapPeers=4","","","numPeers=3 -- returns total 3 peers, with max 4 bootstrap peers",""
"passed","Mon Apr 29 15:22:59 GMT 2024","Mon Apr 29 15:22:59 GMT 2024","1","Waku Relay, Publish","","","","","Check publish message containing JSON",""
"passed","Mon Apr 29 15:16:42 GMT 2024","Mon Apr 29 15:16:42 GMT 2024","0","Waku Filter V2 (Named sharding): Multiple PubsubTopics","","","","","Subscribe and receive messages on 2 different pubsubtopics",""
"passed","Mon Apr 29 15:15:37 GMT 2024","Mon Apr 29 15:15:37 GMT 2024","1","ENR Interop: ServiceNode","","","","","All",""
"passed","Mon Apr 29 15:24:07 GMT 2024","Mon Apr 29 15:24:07 GMT 2024","0","Static Sharding: Running Nodes","Different clusters and shards","","","","random static sharding 3 - Cluster ID: 378, Shard ID: 250",""
"passed","Mon Apr 29 15:23:52 GMT 2024","Mon Apr 29 15:23:52 GMT 2024","1","Autosharding: Running Nodes","Different clusters and topics","","","","random auto sharding 10 - Cluster ID: 10, Content Topic: /app23/3/topic848/json",""
"passed","Mon Apr 29 15:16:42 GMT 2024","Mon Apr 29 15:16:42 GMT 2024","0","Waku Filter V2: Multiple PubsubTopics","","","","","Subscribe and receive messages on custom pubsubtopic",""
"passed","Mon Apr 29 15:26:06 GMT 2024","Mon Apr 29 15:26:06 GMT 2024","1","Waku Filter V2: Subscribe: Multiple Service Nodes: Strict Check mode: true","","","","","Subscribe to topic containing Chinese and receive message",""
"passed","Mon Apr 29 15:19:35 GMT 2024","Mon Apr 29 15:19:35 GMT 2024","12","Waku Filter V2: Subscribe: Single Service Node","","","","","Subscribe and receive ecies encrypted messages via lightPush",""
"passed","Mon Apr 29 15:19:35 GMT 2024","Mon Apr 29 15:19:35 GMT 2024","1","Waku Filter V2: Subscribe: Single Service Node","","","","","Subscribe to topic containing Script and receive message",""
"passed","Mon Apr 29 15:14:48 GMT 2024","Mon Apr 29 15:14:48 GMT 2024","0","Waku Message version 0","","","","","Ephemeral field set to true",""
"passed","Mon Apr 29 15:26:06 GMT 2024","Mon Apr 29 15:26:06 GMT 2024","1","Waku Filter V2: Subscribe: Multiple Service Nodes: Strict Check mode: true","","","","","Overlapping topic subscription",""
"passed","Mon Apr 29 15:25:34 GMT 2024","Mon Apr 29 15:25:34 GMT 2024","0","Wait for remote peer","","","","","Relay - dialed after",""
"passed","Mon Apr 29 15:16:51 GMT 2024","Mon Apr 29 15:16:51 GMT 2024","1","Waku Filter V2: Unsubscribe","","","","","Unsubscribe 2 topics - node subscribed to 2 topics",""
"passed","Mon Apr 29 15:23:14 GMT 2024","Mon Apr 29 15:23:14 GMT 2024","1","Waku Filter V2: FilterPush: Multiple Nodes: Strict Checking: false","","","","","Check received message containing Arabic",""
"skipped","Mon Apr 29 15:22:59 GMT 2024","Mon Apr 29 15:22:59 GMT 2024","0","SDK: Creating by Content Topic","","","","","given a waku node and content topic, creates a filter subscription",""
"passed","Mon Apr 29 15:22:17 GMT 2024","Mon Apr 29 15:22:17 GMT 2024","9","Waku Light Push: Single Node","","","","","Push message with content topic containing unicode special characters",""
"passed","Mon Apr 29 15:14:42 GMT 2024","Mon Apr 29 15:14:42 GMT 2024","0","ENR waku2 codec","Decoding","","","","should be able to decode the field with only STORE set to true",""
"passed","Mon Apr 29 15:23:13 GMT 2024","Mon Apr 29 15:23:13 GMT 2024","0","Waku Relay, Subscribe","","","","","Subscribe to topic containing special chars and publish message",""
"passed","Mon Apr 29 15:19:35 GMT 2024","Mon Apr 29 15:19:35 GMT 2024","10","Waku Filter V2: Subscribe: Single Service Node","","","","","Subscribe to topic containing Chinese and receive message",""
"passed","Mon Apr 29 15:18:58 GMT 2024","Mon Apr 29 15:18:58 GMT 2024","0","Waku Filter V2: Unsubscribe: Multiple Nodes: Strict Checking: false","","","","","Unsubscribe 2 topics - node subscribed to 2 topics",""
"passed","Mon Apr 29 15:22:59 GMT 2024","Mon Apr 29 15:22:59 GMT 2024","1","Waku Relay, Publish","","","","","Check publish message containing special chars",""
"passed","Mon Apr 29 15:25:07 GMT 2024","Mon Apr 29 15:25:07 GMT 2024","1","Util: toAsyncIterator: Filter","","","","","creates an iterator",""
"passed","Mon Apr 29 15:24:24 GMT 2024","Mon Apr 29 15:24:24 GMT 2024","2","Waku Light Push: Multiple Nodes: Strict Check: true","","","","","Push message with long payload",""
"skipped","Mon Apr 29 15:15:38 GMT 2024","Mon Apr 29 15:15:38 GMT 2024","0","DNS Node Discovery [live data]","","","","","should use DNS peer discovery with light client",""
"passed","Mon Apr 29 15:23:14 GMT 2024","Mon Apr 29 15:23:14 GMT 2024","0","Waku Filter V2: FilterPush: Multiple Nodes: Strict Checking: true","","","","","Check received message containing Script",""
"passed","Mon Apr 29 15:23:51 GMT 2024","Mon Apr 29 15:23:51 GMT 2024","1","Waku Store, cursor","","","","","Passing a valid cursor at 19 index when there are 50 messages",""
"passed","Mon Apr 29 15:14:35 GMT 2024","Mon Apr 29 15:14:35 GMT 2024","0","singleShardInfosToShardInfo","","","","","should aggregate SingleShardInfos into a ShardInfo",""
"passed","Mon Apr 29 15:22:32 GMT 2024","Mon Apr 29 15:22:32 GMT 2024","1","Waku Relay (Autosharding), multiple pubsub topics","","","","","n1 and n2 uses a custom pubsub, n3 uses the default pubsub",""
"passed","Mon Apr 29 15:18:31 GMT 2024","Mon Apr 29 15:18:31 GMT 2024","0","Waku Filter V2: FilterPush","","","","","Check message with no payload is not received",""
"passed","Mon Apr 29 15:14:35 GMT 2024","Mon Apr 29 15:14:35 GMT 2024","1","contentTopicToShardIndex","","","","","should correctly map /myapp/1/latest/proto to shard index 0",""
"passed","Mon Apr 29 15:16:51 GMT 2024","Mon Apr 29 15:16:51 GMT 2024","1","Waku Filter V2: Unsubscribe","","","","","Unsubscribe topics the node is not subscribed to",""
"passed","Mon Apr 29 15:24:07 GMT 2024","Mon Apr 29 15:24:07 GMT 2024","0","Static Sharding: Running Nodes","Different clusters and shards","","","","random static sharding 6 - Cluster ID: 45, Shard ID: 926",""
"passed","Mon Apr 29 15:20:05 GMT 2024","Mon Apr 29 15:20:05 GMT 2024","1","multiaddr: dialing","","","","","can dial TLS multiaddrs",""
"passed","Mon Apr 29 15:24:24 GMT 2024","Mon Apr 29 15:24:24 GMT 2024","1","Waku Light Push: Multiple Nodes: Strict Check: true","","","","","Push message with content topic containing special chars",""
"passed","Mon Apr 29 15:14:42 GMT 2024","Mon Apr 29 15:14:42 GMT 2024","1","ENR waku2 codec","Encoding","","","","should be able to encode the field with STORE and LIGHTPUSH protocols set to true",""
"passed","Mon Apr 29 15:14:35 GMT 2024","Mon Apr 29 15:14:35 GMT 2024","0","pubsubTopicToSingleShardInfo with various invalid formats","","","","","should throw an error for invalid PubsubTopic format: /waku/2/rs/1/2/extra",""
"passed","Mon Apr 29 15:24:24 GMT 2024","Mon Apr 29 15:24:24 GMT 2024","1","Waku Light Push: Multiple Nodes: Strict Check: true","","","","","Push message equal or less that 1MB",""
"passed","Mon Apr 29 15:24:49 GMT 2024","Mon Apr 29 15:24:49 GMT 2024","0","Waku Store, order","","","","","Query Generator  - backward",""
"passed","Mon Apr 29 15:14:43 GMT 2024","Mon Apr 29 15:14:43 GMT 2024","0","ENR","Location multiaddr","","","","should properly create location multiaddrs - udp4",""
"passed","Mon Apr 29 15:23:13 GMT 2024","Mon Apr 29 15:23:13 GMT 2024","0","Waku Relay, Subscribe","","","","","Subscribe to topic containing long and publish message",""
"passed","Mon Apr 29 15:26:06 GMT 2024","Mon Apr 29 15:26:06 GMT 2024","0","Waku Filter V2: Subscribe: Multiple Service Nodes: Strict Check mode: false","","","","","Subscribe to topic containing special chars and receive message",""
"passed","Mon Apr 29 15:18:31 GMT 2024","Mon Apr 29 15:18:31 GMT 2024","0","Waku Filter V2: FilterPush","","","","","Check received message with timestamp: 1949153314000 ",""
"passed","Mon Apr 29 15:18:31 GMT 2024","Mon Apr 29 15:18:31 GMT 2024","0","Waku Filter V2: FilterPush","","","","","Check received message with timestamp: 1649153314 ",""
"passed","Mon Apr 29 15:24:24 GMT 2024","Mon Apr 29 15:24:24 GMT 2024","0","Waku Light Push: Multiple Nodes: Strict Check: true","","","","","Push message with content topic containing Chinese",""
"passed","Mon Apr 29 15:22:59 GMT 2024","Mon Apr 29 15:22:59 GMT 2024","1","Waku Relay, Publish","","","","","Check publish message containing short",""
"passed","Mon Apr 29 15:18:58 GMT 2024","Mon Apr 29 15:18:58 GMT 2024","1","Waku Filter V2: Unsubscribe: Multiple Nodes: Strict Checking: false","","","","","Unsubscribes all - node subscribed to 10 topics",""
"passed","Mon Apr 29 15:24:24 GMT 2024","Mon Apr 29 15:24:24 GMT 2024","1","Waku Light Push: Multiple Nodes: Strict Check: true","","","","","Fails to push message with large meta",""
"passed","Mon Apr 29 15:18:12 GMT 2024","Mon Apr 29 15:18:12 GMT 2024","2","getPeers","getPeers with varying maxBootstrapPeers","maxBootstrapPeers=2","","","numPeers=3 -- returns total 3 peers, with max 2 bootstrap peers",""
"passed","Mon Apr 29 15:23:13 GMT 2024","Mon Apr 29 15:23:13 GMT 2024","0","Waku Relay, Subscribe","","","","","Subscribe to topic containing emoji and publish message",""
"passed","Mon Apr 29 15:22:17 GMT 2024","Mon Apr 29 15:22:17 GMT 2024","0","Waku Light Push: Single Node","","","","","Push 30 different messages",""
"passed","Mon Apr 29 15:23:52 GMT 2024","Mon Apr 29 15:23:52 GMT 2024","2","Autosharding: Running Nodes","Others","","","","start node with empty content topic",""
"passed","Mon Apr 29 15:14:48 GMT 2024","Mon Apr 29 15:14:48 GMT 2024","0","filterPeersByDiscovery function","","","","","should return only bootstrap peers up to maxBootstrapPeers",""
"passed","Mon Apr 29 15:19:35 GMT 2024","Mon Apr 29 15:19:35 GMT 2024","0","Waku Filter V2: Subscribe: Single Service Node","","","","","Subscribe to 100 topics (new limit) at once and receives messages",""
"passed","Mon Apr 29 15:22:17 GMT 2024","Mon Apr 29 15:22:17 GMT 2024","0","Waku Light Push: Single Node","","","","","Push message with escaped characters payload",""
"passed","Mon Apr 29 15:18:12 GMT 2024","Mon Apr 29 15:18:12 GMT 2024","0","getPeers","getPeers with varying maxBootstrapPeers","maxBootstrapPeers=7","","","numPeers=1 -- returns one bootstrap peer ",""
"passed","Mon Apr 29 15:26:06 GMT 2024","Mon Apr 29 15:26:06 GMT 2024","0","Waku Filter V2: Subscribe: Multiple Service Nodes: Strict Check mode: true","","","","","Subscribe and receives messages on 20 topics",""
"passed","Mon Apr 29 15:25:24 GMT 2024","Mon Apr 29 15:25:24 GMT 2024","0","Waku Store, time filter","","","","","msgTime: -19000 ms from now, startTime: -19010, endTime: -18990",""
"passed","Mon Apr 29 15:26:06 GMT 2024","Mon Apr 29 15:26:06 GMT 2024","1","Waku Filter V2: Subscribe: Multiple Service Nodes: Strict Check mode: true","","","","","Subscribe to topic containing XML and receive message",""
"passed","Mon Apr 29 15:14:35 GMT 2024","Mon Apr 29 15:14:35 GMT 2024","0","shardInfoToPubsubTopics","","","","","should handle clusterId, application and version for autosharding with cluster iD 6",""
"passed","Mon Apr 29 15:14:42 GMT 2024","Mon Apr 29 15:14:42 GMT 2024","0","Multiaddr from fields","","","","","udp ip6 address",""
"passed","Mon Apr 29 15:24:24 GMT 2024","Mon Apr 29 15:24:24 GMT 2024","1","Waku Light Push: Multiple Nodes: Strict Check: true","","","","","Push message with Russian payload",""
"skipped","Mon Apr 29 15:14:59 GMT 2024","Mon Apr 29 15:14:59 GMT 2024","0","DNS Node Discovery [live data]","","","","","should retrieve 3 multiaddrs for sandbox.waku.nodes.status.im",""
"passed","Mon Apr 29 15:14:58 GMT 2024","Mon Apr 29 15:14:58 GMT 2024","0","Discovery","","","","","returns a subset of values when wanted number is lesser than available values",""
"passed","Mon Apr 29 15:26:06 GMT 2024","Mon Apr 29 15:26:06 GMT 2024","0","Waku Filter V2: Subscribe: Multiple Service Nodes: Strict Check mode: false","","","","","Subscribe to topic containing shell command and receive message",""
"passed","Mon Apr 29 15:22:17 GMT 2024","Mon Apr 29 15:22:17 GMT 2024","0","Waku Light Push: Single Node","","","","","Push message with content topic containing Chinese",""
"passed","Mon Apr 29 15:24:43 GMT 2024","Mon Apr 29 15:24:43 GMT 2024","6","Waku Store, error handling","","","","","Query with Promise Callback, No message returned",""
"passed","Mon Apr 29 15:22:17 GMT 2024","Mon Apr 29 15:22:17 GMT 2024","0","Waku Light Push: Single Node","","","","","Push message with content topic containing JSON",""
"passed","Mon Apr 29 15:18:58 GMT 2024","Mon Apr 29 15:18:58 GMT 2024","0","Waku Filter V2: Unsubscribe: Multiple Nodes: Strict Checking: true","","","","","Unsubscribe 1 topic - node subscribed to 2 topics",""
"passed","Mon Apr 29 15:14:35 GMT 2024","Mon Apr 29 15:14:35 GMT 2024","0","ensureShardingConfigured","","","","","should configure sharding based on clusterId, application and version for autosharding with cluster iD 4",""
"passed","Mon Apr 29 15:23:14 GMT 2024","Mon Apr 29 15:23:14 GMT 2024","0","Waku Filter V2: FilterPush: Multiple Nodes: Strict Checking: false","","","","","Check received message containing long",""
"passed","Mon Apr 29 15:24:51 GMT 2024","Mon Apr 29 15:24:51 GMT 2024","1","Waku Store (Autosharding), custom pubsub topic","","","","","Generator, 2 different pubsubtopics",""
"passed","Mon Apr 29 15:16:08 GMT 2024","Mon Apr 29 15:16:08 GMT 2024","0","Public methods","","","","","addEventListener with correct event",""
"passed","Mon Apr 29 15:23:14 GMT 2024","Mon Apr 29 15:23:14 GMT 2024","0","Waku Filter V2: FilterPush: Multiple Nodes: Strict Checking: true","","","","","Check received message containing Chinese",""
"passed","Mon Apr 29 15:15:35 GMT 2024","Mon Apr 29 15:15:35 GMT 2024","0","Dials","dialPeer method","For bootstrap peers","","","should be called for bootstrap peers",""
"passed","Mon Apr 29 15:15:09 GMT 2024","Mon Apr 29 15:15:09 GMT 2024","1","Symmetric Encryption","","","","","Round trip binary encryption [symmetric, no signature]",""
"passed","Mon Apr 29 15:22:17 GMT 2024","Mon Apr 29 15:22:17 GMT 2024","1","Waku Light Push: Single Node","","","","","Push message equal or less that 1MB",""
"passed","Mon Apr 29 15:19:35 GMT 2024","Mon Apr 29 15:19:35 GMT 2024","0","Waku Filter V2: Subscribe: Single Service Node","","","","","Subscribe to topic containing XML and receive message",""
"passed","Mon Apr 29 15:22:17 GMT 2024","Mon Apr 29 15:22:17 GMT 2024","12","Waku Light Push: Single Node","","","","","Push message with long payload",""
"passed","Mon Apr 29 15:18:12 GMT 2024","Mon Apr 29 15:18:12 GMT 2024","0","getConnectedPeersForProtocolAndShard","","","","","different cluster, different shard: nodes don't connect (autosharding)",""
"passed","Mon Apr 29 15:22:17 GMT 2024","Mon Apr 29 15:22:17 GMT 2024","0","Waku Light Push: Single Node","","","","","Fails to push message bigger that 1MB",""
"passed","Mon Apr 29 15:18:12 GMT 2024","Mon Apr 29 15:18:12 GMT 2024","1","getPeers","getPeers with varying maxBootstrapPeers","maxBootstrapPeers=3","","","numPeers=1 -- returns one bootstrap peer ",""
"passed","Mon Apr 29 15:23:14 GMT 2024","Mon Apr 29 15:23:14 GMT 2024","0","Waku Filter V2: FilterPush: Multiple Nodes: Strict Checking: true","","","","","Check received message containing shell command",""
"passed","Mon Apr 29 15:14:43 GMT 2024","Mon Apr 29 15:14:43 GMT 2024","0","ENR","Txt codec","","","","should throw error - no id",""
"passed","Mon Apr 29 15:22:40 GMT 2024","Mon Apr 29 15:22:40 GMT 2024","1","Waku Relay, Interop","","","","","Js publishes, other Js receives",""
"passed","Mon Apr 29 15:23:52 GMT 2024","Mon Apr 29 15:23:52 GMT 2024","0","Autosharding: Running Nodes","Different clusters and topics","","","","random auto sharding 6 - Cluster ID: 10, Content Topic: /app42/3/topic845/xml",""
"passed","Mon Apr 29 15:16:09 GMT 2024","Mon Apr 29 15:16:09 GMT 2024","1","Waku Filter V2: Ping","","","","","Ping on subscribed peer",""
"passed","Mon Apr 29 15:14:35 GMT 2024","Mon Apr 29 15:14:35 GMT 2024","0","Relay Shard codec","","","","","should correctly encode and decode relay shards using rs format (Index List)",""
"passed","Mon Apr 29 15:14:35 GMT 2024","Mon Apr 29 15:14:35 GMT 2024","0","singleShardInfosToShardInfo","","","","","should throw an error for SingleShardInfos with different clusterIds",""
"passed","Mon Apr 29 15:22:17 GMT 2024","Mon Apr 29 15:22:17 GMT 2024","1","Waku Light Push: Single Node","","","","","Push message with SQL Injection payload",""
"passed","Mon Apr 29 15:26:06 GMT 2024","Mon Apr 29 15:26:06 GMT 2024","0","Waku Filter V2: Subscribe: Multiple Service Nodes: Strict Check mode: true","","","","","Subscribe to topic containing numeric and receive message",""
"passed","Mon Apr 29 15:14:35 GMT 2024","Mon Apr 29 15:14:35 GMT 2024","0","ensureValidContentTopic","","","","","throws on content topic with empty topic name field",""
"passed","Mon Apr 29 15:14:35 GMT 2024","Mon Apr 29 15:14:35 GMT 2024","1","contentTopicToShardIndex","","","","","should correctly map /app/27/sometopic/someencoding to shard index 5",""
"passed","Mon Apr 29 15:14:35 GMT 2024","Mon Apr 29 15:14:35 GMT 2024","0","ensurePubsubTopicIsConfigured","","","","","should throw an error for an unconfigured topic",""
"passed","Mon Apr 29 15:19:35 GMT 2024","Mon Apr 29 15:19:35 GMT 2024","58","Waku Filter V2: Subscribe: Single Service Node","","","","","Subscribe and receive symmetrically encrypted messages via lightPush",""
"passed","Mon Apr 29 15:24:43 GMT 2024","Mon Apr 29 15:24:43 GMT 2024","0","Waku Store, error handling","","","","","Query Generator, Wrong PubsubTopic",""
"passed","Mon Apr 29 15:25:05 GMT 2024","Mon Apr 29 15:25:05 GMT 2024","0","Waku Store, sorting","","","","","Ordered Callback sorting by timestamp while page direction is forward",""
"passed","Mon Apr 29 15:14:35 GMT 2024","Mon Apr 29 15:14:35 GMT 2024","0","contentTopicToShardIndex","","","","","should correctly map /app/20/sometopic/someencoding to shard index 1 with networkShards 2",""
"passed","Mon Apr 29 15:14:42 GMT 2024","Mon Apr 29 15:14:42 GMT 2024","0","ENR waku2 codec","Decoding","","","","should be able to decode the field with only FILTER set to true",""
"passed","Mon Apr 29 15:14:35 GMT 2024","Mon Apr 29 15:14:35 GMT 2024","0","shardInfoToPubsubTopics","","","","","should return empty list for no shard",""
"passed","Mon Apr 29 15:18:58 GMT 2024","Mon Apr 29 15:18:58 GMT 2024","1","Waku Filter V2: Unsubscribe: Multiple Nodes: Strict Checking: false","","","","","Unsubscribe 1 topic - node subscribed to 2 topics",""
"passed","Mon Apr 29 15:14:35 GMT 2024","Mon Apr 29 15:14:35 GMT 2024","0","pubsubTopicToSingleShardInfo with various invalid formats","","","","","should throw an error for non-numeric clusterId: /waku/2/rs/\/1",""
"passed","Mon Apr 29 15:24:55 GMT 2024","Mon Apr 29 15:24:55 GMT 2024","0","Waku Store, general","","","","","Callback on promise",""
"passed","Mon Apr 29 15:14:51 GMT 2024","Mon Apr 29 15:14:51 GMT 2024","1","Message Validator","","","","","Accepts a valid Waku Message",""
"passed","Mon Apr 29 15:16:09 GMT 2024","Mon Apr 29 15:16:09 GMT 2024","0","Waku Filter V2: Ping","","","","","Reopen subscription with peer with lost subscription",""
"passed","Mon Apr 29 15:14:43 GMT 2024","Mon Apr 29 15:14:43 GMT 2024","0","ENR","Verify","","","","should throw error - no id",""
"passed","Mon Apr 29 15:15:35 GMT 2024","Mon Apr 29 15:15:35 GMT 2024","1","Dials","dialPeer method","For peer-exchange peers","","","should be called for peers with PEER_EXCHANGE tags",""
"passed","Mon Apr 29 15:19:35 GMT 2024","Mon Apr 29 15:19:35 GMT 2024","1","Waku Filter V2: Subscribe: Single Service Node","","","","","Add multiple subscription objects on single nwaku node",""
"passed","Mon Apr 29 15:15:27 GMT 2024","Mon Apr 29 15:15:27 GMT 2024","3","Events","peer:discovery","","","","should emit `peer:discovery:peer-exchange` event when a peer is discovered",""
"passed","Mon Apr 29 15:24:24 GMT 2024","Mon Apr 29 15:24:24 GMT 2024","0","Waku Light Push: Multiple Nodes: Strict Check: true","","","","","Push message with content topic containing Russian",""
"passed","Mon Apr 29 15:23:14 GMT 2024","Mon Apr 29 15:23:14 GMT 2024","1","Waku Filter V2: FilterPush: Multiple Nodes: Strict Checking: true","","","","","Check received message containing short",""
"passed","Mon Apr 29 15:16:09 GMT 2024","Mon Apr 29 15:16:09 GMT 2024","0","Waku Filter V2: Ping","","","","","Ping on peer without subscriptions",""
"passed","Mon Apr 29 15:14:59 GMT 2024","Mon Apr 29 15:14:59 GMT 2024","1","DNS Node Discovery","","","","","retrieves a single peer",""
"passed","Mon Apr 29 15:14:58 GMT 2024","Mon Apr 29 15:14:58 GMT 2024","0","ENRTree","","","","","ENRTree (tree): should error if DNS tree entry is mis-prefixed",""
"passed","Mon Apr 29 15:14:35 GMT 2024","Mon Apr 29 15:14:35 GMT 2024","0","ensureValidContentTopic","","","","","throws on empty content topic",""
"passed","Mon Apr 29 15:22:40 GMT 2024","Mon Apr 29 15:22:40 GMT 2024","1","Waku Relay, Interop","","","","","nwaku subscribes",""
"passed","Mon Apr 29 15:24:07 GMT 2024","Mon Apr 29 15:24:07 GMT 2024","1","Static Sharding: Running Nodes","Different clusters and shards","","","","random static sharding 8 - Cluster ID: 219, Shard ID: 129",""
"passed","Mon Apr 29 15:14:43 GMT 2024","Mon Apr 29 15:14:43 GMT 2024","0","ENR","waku2 key round trip","","","","should set field with only FILTER enabled",""
"passed","Mon Apr 29 15:15:38 GMT 2024","Mon Apr 29 15:15:38 GMT 2024","0","DNS Discovery: Compliance Test","interface-peer-discovery compliance tests","","","","should not receive a peer event after stop",""
"passed","Mon Apr 29 15:22:17 GMT 2024","Mon Apr 29 15:22:17 GMT 2024","1","Waku Light Push: Single Node","","","","","Push message with content topic containing shell command",""
"passed","Mon Apr 29 15:14:35 GMT 2024","Mon Apr 29 15:14:35 GMT 2024","0","contentTopicToShardIndex","","","","","should correctly map /statusim/1/community/cbor to shard index 4",""
"passed","Mon Apr 29 15:26:06 GMT 2024","Mon Apr 29 15:26:06 GMT 2024","0","Waku Filter V2: Subscribe: Multiple Service Nodes: Strict Check mode: true","","","","","Subscribe to topic containing emoji and receive message",""
"passed","Mon Apr 29 15:24:24 GMT 2024","Mon Apr 29 15:24:24 GMT 2024","0","Waku Light Push: Multiple Nodes: Strict Check: true","","","","","Push message with content topic containing Basic HTML tag",""
"passed","Mon Apr 29 15:15:51 GMT 2024","Mon Apr 29 15:15:51 GMT 2024","0","Waku Message Ephemeral field","","","","","Ephemeral field is preserved - symmetric encryption",""
"passed","Mon Apr 29 15:14:35 GMT 2024","Mon Apr 29 15:14:35 GMT 2024","0","ensureValidContentTopic","","","","","throws on content topic with non-number generation field",""
"passed","Mon Apr 29 15:16:15 GMT 2024","Mon Apr 29 15:16:15 GMT 2024","2","Connection state","","","","","isConnected between 2 js-waku relay nodes",""
"passed","Mon Apr 29 15:22:59 GMT 2024","Mon Apr 29 15:22:59 GMT 2024","0","Waku Relay, Publish","","","","","Check publish message containing escaped characters",""
"passed","Mon Apr 29 15:24:24 GMT 2024","Mon Apr 29 15:24:24 GMT 2024","1","Waku Light Push: Multiple Nodes: Strict Check: true","","","","","Push message with content topic containing SQL Injection",""
"passed","Mon Apr 29 15:23:14 GMT 2024","Mon Apr 29 15:23:14 GMT 2024","0","Waku Filter V2: FilterPush: Multiple Nodes: Strict Checking: false","","","","","Check received message containing Chinese",""
"passed","Mon Apr 29 15:14:58 GMT 2024","Mon Apr 29 15:14:58 GMT 2024","0","ENRTree","","","","","ENRTree (branch): should error if DNS branch entry is mis-prefixed",""
"passed","Mon Apr 29 15:24:51 GMT 2024","Mon Apr 29 15:24:51 GMT 2024","1","Waku Store (named sharding), custom pubsub topic","","","","","Generator, 2 different pubsubtopics",""
"passed","Mon Apr 29 15:18:12 GMT 2024","Mon Apr 29 15:18:12 GMT 2024","0","getPeers","getPeers with varying maxBootstrapPeers","maxBootstrapPeers=6","","","numPeers=2 -- returns total 2 peers, with max 6 bootstrap peers",""
"passed","Mon Apr 29 15:24:24 GMT 2024","Mon Apr 29 15:24:24 GMT 2024","2","Waku Light Push: Multiple Nodes: Strict Check: true","","","","","Fails to push message bigger that 1MB",""
"passed","Mon Apr 29 15:14:35 GMT 2024","Mon Apr 29 15:14:35 GMT 2024","0","determinePubsubTopic","","","","","should fall back to default pubsub topic when pubsubTopicShardInfo is not provided",""
"passed","Mon Apr 29 15:24:51 GMT 2024","Mon Apr 29 15:24:51 GMT 2024","1","Waku Store, custom pubsub topic","","","","","Generator, 2 nwaku nodes each with different pubsubtopics",""
"passed","Mon Apr 29 15:22:32 GMT 2024","Mon Apr 29 15:22:32 GMT 2024","0","Waku Relay, multiple pubsub topics","","","","","Nodes with multiple pubsub topic",""
"passed","Mon Apr 29 15:23:14 GMT 2024","Mon Apr 29 15:23:14 GMT 2024","1","Waku Filter V2: FilterPush: Multiple Nodes: Strict Checking: true","","","","","Check received message containing escaped characters",""
"passed","Mon Apr 29 15:20:00 GMT 2024","Mon Apr 29 15:20:00 GMT 2024","0","Waku Light Push (Autosharding): Multiple PubsubTopics","","","","","Push message on custom pubsubTopic",""
"passed","Mon Apr 29 15:26:06 GMT 2024","Mon Apr 29 15:26:06 GMT 2024","0","Waku Filter V2: Subscribe: Multiple Service Nodes: Strict Check mode: true","","","","","Subscribe to topic containing Script and receive message",""
"passed","Mon Apr 29 15:24:24 GMT 2024","Mon Apr 29 15:24:24 GMT 2024","0","Waku Light Push: Multiple Nodes: Strict Check: true","","","","","Throws when trying to push message with empty payload",""
"passed","Mon Apr 29 15:22:59 GMT 2024","Mon Apr 29 15:22:59 GMT 2024","0","Waku Relay, Publish","","","","","Check publish message containing Arabic",""
"passed","Mon Apr 29 15:25:34 GMT 2024","Mon Apr 29 15:25:34 GMT 2024","0","Wait for remote peer","","","","","LightPush",""
"passed","Mon Apr 29 15:15:27 GMT 2024","Mon Apr 29 15:15:27 GMT 2024","3","Events","peer:discovery","","","","should emit `peer:discovery:bootstrap` event when a peer is discovered",""
"passed","Mon Apr 29 15:23:13 GMT 2024","Mon Apr 29 15:23:13 GMT 2024","0","Waku Relay, Subscribe","","","","","Subscribe to topic containing Chinese and publish message",""
"passed","Mon Apr 29 15:23:14 GMT 2024","Mon Apr 29 15:23:14 GMT 2024","2","Waku Filter V2: FilterPush: Multiple Nodes: Strict Checking: false","","","","","Check received message containing numeric",""
"passed","Mon Apr 29 15:24:43 GMT 2024","Mon Apr 29 15:24:43 GMT 2024","1","Waku Store, error handling","","","","","Query Generator, Multiple PubsubTopics",""
"passed","Mon Apr 29 15:14:35 GMT 2024","Mon Apr 29 15:14:35 GMT 2024","0","pubsubTopicToSingleShardInfo with various invalid formats","","","","","should throw an error for non-numeric shard: /waku/2/rs/1/ ",""
"passed","Mon Apr 29 15:19:35 GMT 2024","Mon Apr 29 15:19:35 GMT 2024","0","Waku Filter V2: Subscribe: Single Service Node","","","","","Subscribe to topic containing shell command and receive message",""
"passed","Mon Apr 29 15:18:31 GMT 2024","Mon Apr 29 15:18:31 GMT 2024","1","Waku Filter V2: FilterPush","","","","","Check received message containing JSON",""
"passed","Mon Apr 29 15:14:35 GMT 2024","Mon Apr 29 15:14:35 GMT 2024","1","ensureValidContentTopic","","","","","throws on content topic with empty encoding field",""
"passed","Mon Apr 29 15:23:51 GMT 2024","Mon Apr 29 15:23:51 GMT 2024","0","Waku Store, cursor","","","","","Passing cursor with wrong message digest",""
"passed","Mon Apr 29 15:24:24 GMT 2024","Mon Apr 29 15:24:24 GMT 2024","1","Waku Light Push: Multiple Nodes: Strict Check: true","","","","","Push message with Script payload",""
"passed","Mon Apr 29 15:22:59 GMT 2024","Mon Apr 29 15:22:59 GMT 2024","0","Waku Relay, Publish","","","","","Check publish message containing shell command",""
"passed","Mon Apr 29 15:24:55 GMT 2024","Mon Apr 29 15:24:55 GMT 2024","0","Waku Store, general","","","","","Query generator for multiple messages",""
"passed","Mon Apr 29 15:16:51 GMT 2024","Mon Apr 29 15:16:51 GMT 2024","3","Waku Filter V2: Unsubscribe","","","","","Unsubscribe 1 topic - node subscribed to 2 topics",""
"passed","Mon Apr 29 15:26:06 GMT 2024","Mon Apr 29 15:26:06 GMT 2024","0","Waku Filter V2: Subscribe: Multiple Service Nodes: Strict Check mode: true","","","","","Subscribe and receive messages via waku relay post",""
"passed","Mon Apr 29 15:14:35 GMT 2024","Mon Apr 29 15:14:35 GMT 2024","0","contentTopicToShardIndex","","","","","topics with same application and version share the same shard",""
"passed","Mon Apr 29 15:18:12 GMT 2024","Mon Apr 29 15:18:12 GMT 2024","0","getConnectedPeersForProtocolAndShard","","","","","same cluster, same shard: nodes connect",""
"passed","Mon Apr 29 15:14:43 GMT 2024","Mon Apr 29 15:14:43 GMT 2024","0","ENR","Location multiaddr","","","","should properly create location multiaddrs - udp",""
"passed","Mon Apr 29 15:23:14 GMT 2024","Mon Apr 29 15:23:14 GMT 2024","0","Waku Filter V2: FilterPush: Multiple Nodes: Strict Checking: true","","","","","Check received message containing Russian",""
"passed","Mon Apr 29 15:24:07 GMT 2024","Mon Apr 29 15:24:07 GMT 2024","0","Static Sharding: Running Nodes","Different clusters and shards","","","","random static sharding 5 - Cluster ID: 488, Shard ID: 464",""
"passed","Mon Apr 29 15:16:49 GMT 2024","Mon Apr 29 15:16:49 GMT 2024","0","Waku Filter V2: Ping: Multiple Nodes: Strict Checking: false","","","","","Ping on subscribed peer",""
"passed","Mon Apr 29 15:26:06 GMT 2024","Mon Apr 29 15:26:06 GMT 2024","0","Waku Filter V2: Subscribe: Multiple Service Nodes: Strict Check mode: false","","","","","Subscribe and receive messages on 2 different content topics",""
"passed","Mon Apr 29 15:24:43 GMT 2024","Mon Apr 29 15:24:43 GMT 2024","0","Waku Store, error handling","","","","","Query with Promise Callback, No Decoder",""
"passed","Mon Apr 29 15:14:43 GMT 2024","Mon Apr 29 15:14:43 GMT 2024","1","ENR","Txt codec","","","","should encodeTxt and decodeTxt",""
"passed","Mon Apr 29 15:26:06 GMT 2024","Mon Apr 29 15:26:06 GMT 2024","0","Waku Filter V2: Subscribe: Multiple Service Nodes: Strict Check mode: true","","","","","Subscribe to topic containing unicode special characters and receive message",""
"passed","Mon Apr 29 15:25:05 GMT 2024","Mon Apr 29 15:25:05 GMT 2024","0","Waku Store, sorting","","","","","Query Generator sorting by timestamp while page direction is backward",""
"passed","Mon Apr 29 15:24:24 GMT 2024","Mon Apr 29 15:24:24 GMT 2024","1","Waku Light Push: Multiple Nodes: Strict Check: true","","","","","Push message with SQL Injection payload",""
"passed","Mon Apr 29 15:14:43 GMT 2024","Mon Apr 29 15:14:43 GMT 2024","0","ENR","Multiaddr getters and setters","","","","should get / set TCP multiaddr",""
"passed","Mon Apr 29 15:24:07 GMT 2024","Mon Apr 29 15:24:07 GMT 2024","1","Static Sharding: Running Nodes","Different clusters and shards","","","","random static sharding 10 - Cluster ID: 222, Shard ID: 49",""
"passed","Mon Apr 29 15:22:17 GMT 2024","Mon Apr 29 15:22:17 GMT 2024","3","Waku Light Push: Single Node","","","","","Push message with Basic HTML tag payload",""
"passed","Mon Apr 29 15:22:17 GMT 2024","Mon Apr 29 15:22:17 GMT 2024","11","Waku Light Push: Single Node","","","","","Push message with emoji payload",""
"passed","Mon Apr 29 15:22:32 GMT 2024","Mon Apr 29 15:22:32 GMT 2024","1","Waku Relay, multiple pubsub topics","","","","","n1 and n2 uses a custom pubsub, n3 uses the default pubsub",""
"passed","Mon Apr 29 15:14:42 GMT 2024","Mon Apr 29 15:14:42 GMT 2024","1","ENR waku2 codec","Decoding","","","","should be able to decode the field with only LIGHTPUSH set to true",""
"passed","Mon Apr 29 15:24:24 GMT 2024","Mon Apr 29 15:24:24 GMT 2024","0","Waku Light Push: Multiple Nodes: Strict Check: true","","","","","Push message with short payload",""
"passed","Mon Apr 29 15:26:06 GMT 2024","Mon Apr 29 15:26:06 GMT 2024","0","Waku Filter V2: Subscribe: Multiple Service Nodes: Strict Check mode: false","","","","","Subscribe and receive messages via waku relay post",""
"passed","Mon Apr 29 15:23:52 GMT 2024","Mon Apr 29 15:23:52 GMT 2024","1","Autosharding: Running Nodes","Different clusters and topics","","","","Non TWN Cluster",""
"passed","Mon Apr 29 15:14:35 GMT 2024","Mon Apr 29 15:14:35 GMT 2024","1","pubsubTopicToSingleShardInfo with various invalid formats","","","","","should throw an error for invalid PubsubTopic format: /waku/1/rs/1/2",""
"passed","Mon Apr 29 15:18:58 GMT 2024","Mon Apr 29 15:18:58 GMT 2024","0","Waku Filter V2: Unsubscribe: Multiple Nodes: Strict Checking: true","","","","","Unsubscribe 2 topics - node subscribed to 2 topics",""
"passed","Mon Apr 29 15:18:58 GMT 2024","Mon Apr 29 15:18:58 GMT 2024","0","Waku Filter V2: Unsubscribe: Multiple Nodes: Strict Checking: false","","","","","Unsubscribes all - node subscribed to 1 topic",""
"passed","Mon Apr 29 15:25:23 GMT 2024","Mon Apr 29 15:25:23 GMT 2024","0","User Agent","","","","","Sets default value correctly",""
"passed","Mon Apr 29 15:15:37 GMT 2024","Mon Apr 29 15:15:37 GMT 2024","1","ENR Interop: ServiceNode","","","","","Relay + Store",""
"skipped","Mon Apr 29 15:18:31 GMT 2024","Mon Apr 29 15:18:31 GMT 2024","0","Waku Filter V2: FilterPush","","","","","Check message received after jswaku node is restarted",""
"passed","Mon Apr 29 15:19:35 GMT 2024","Mon Apr 29 15:19:35 GMT 2024","0","Waku Filter V2: Subscribe: Single Service Node","","","","","Overlapping topic subscription",""
"passed","Mon Apr 29 15:14:42 GMT 2024","Mon Apr 29 15:14:42 GMT 2024","1","ENR waku2 codec","Encoding","","","","should be able to encode the field with ALL protocols set to false",""
"passed","Mon Apr 29 15:25:24 GMT 2024","Mon Apr 29 15:25:24 GMT 2024","0","Waku Store, time filter","","","","","msgTime: -19000 ms from now, startTime: -20000, endTime: -19000",""
"passed","Mon Apr 29 15:14:42 GMT 2024","Mon Apr 29 15:14:42 GMT 2024","0","ENR waku2 codec","Encoding","","","","should be able to encode the field with only LIGHTPUSH set to true",""
"passed","Mon Apr 29 15:24:43 GMT 2024","Mon Apr 29 15:24:43 GMT 2024","0","Waku Store, error handling","","","","","Query Generator, No Decoder",""
"passed","Mon Apr 29 15:23:14 GMT 2024","Mon Apr 29 15:23:14 GMT 2024","0","Waku Filter V2: FilterPush: Multiple Nodes: Strict Checking: false","","","","","Check received message containing JSON",""
"passed","Mon Apr 29 15:19:35 GMT 2024","Mon Apr 29 15:19:35 GMT 2024","1","Waku Filter V2: Subscribe: Single Service Node","","","","","Refresh subscription",""
"passed","Mon Apr 29 15:15:03 GMT 2024","Mon Apr 29 15:15:03 GMT 2024","0","Local Storage Discovery","Compliance Tests","interface-peer-discovery compliance tests","","","should not receive a peer event before start",""
"passed","Mon Apr 29 15:24:07 GMT 2024","Mon Apr 29 15:24:07 GMT 2024","0","Static Sharding: Running Nodes","Different clusters and shards","","","","random static sharding 1 - Cluster ID: 718, Shard ID: 239",""
"passed","Mon Apr 29 15:23:14 GMT 2024","Mon Apr 29 15:23:14 GMT 2024","1","Waku Filter V2: FilterPush: Multiple Nodes: Strict Checking: true","","","","","Check received message with timestamp: 1714403726120000000 ",""
"passed","Mon Apr 29 15:26:06 GMT 2024","Mon Apr 29 15:26:06 GMT 2024","1","Waku Filter V2: Subscribe: Multiple Service Nodes: Strict Check mode: false","","","","","Subscribe and receive symmetrically encrypted messages via lightPush",""
"passed","Mon Apr 29 15:18:12 GMT 2024","Mon Apr 29 15:18:12 GMT 2024","0","getPeers","getPeers with varying maxBootstrapPeers","maxBootstrapPeers=1","","","numPeers=2 -- returns total 2 peers, with max 1 bootstrap peers",""
"passed","Mon Apr 29 15:22:59 GMT 2024","Mon Apr 29 15:22:59 GMT 2024","1","Waku Relay, Publish","","","","","Fails to publish message with wrong pubsubtopic",""
"passed","Mon Apr 29 15:16:09 GMT 2024","Mon Apr 29 15:16:09 GMT 2024","0","Waku Filter V2: Ping","","","","","Ping on unsubscribed peer",""
"passed","Mon Apr 29 15:24:24 GMT 2024","Mon Apr 29 15:24:24 GMT 2024","1","Waku Light Push: Multiple Nodes: Strict Check: true","","","","","Push message with custom timestamp: 1714400292650",""
"passed","Mon Apr 29 15:14:35 GMT 2024","Mon Apr 29 15:14:35 GMT 2024","0","contentTopicsByPubsubTopic","","","","","handles different networkShards values correctly",""
"passed","Mon Apr 29 15:22:59 GMT 2024","Mon Apr 29 15:22:59 GMT 2024","0","Waku Relay, Publish","","","","","Publish message with custom timestamp: Tue May 09 2023 15:22:32 GMT+0000 (Coordinated Universal Time)",""
"passed","Mon Apr 29 15:14:43 GMT 2024","Mon Apr 29 15:14:43 GMT 2024","0","ENR","Location multiaddr","","","","should properly create location multiaddrs - tcp",""
"passed","Mon Apr 29 15:18:12 GMT 2024","Mon Apr 29 15:18:12 GMT 2024","1","getPeers","getPeers with varying maxBootstrapPeers","maxBootstrapPeers=4","","","numPeers=4 -- returns total 4 peers, with max 4 bootstrap peers",""
"passed","Mon Apr 29 15:26:06 GMT 2024","Mon Apr 29 15:26:06 GMT 2024","0","Waku Filter V2: Subscribe: Multiple Service Nodes: Strict Check mode: false","","","","","Subscribe to topic containing emoji and receive message",""
"passed","Mon Apr 29 15:16:08 GMT 2024","Mon Apr 29 15:16:08 GMT 2024","1","Public methods","","","","","stop",""
"passed","Mon Apr 29 15:26:06 GMT 2024","Mon Apr 29 15:26:06 GMT 2024","0","Waku Filter V2: Subscribe: Multiple Service Nodes: Strict Check mode: false","","","","","Subscribe to topic containing long and receive message",""
"passed","Mon Apr 29 15:23:13 GMT 2024","Mon Apr 29 15:23:13 GMT 2024","0","Waku Relay, Subscribe","","","","","Subscribe to topic containing numeric and publish message",""
"passed","Mon Apr 29 15:14:42 GMT 2024","Mon Apr 29 15:14:42 GMT 2024","1","ENR waku2 codec","Decoding","","","","should be able to decode the field with ALL protocols set to true",""
"passed","Mon Apr 29 15:15:09 GMT 2024","Mon Apr 29 15:15:09 GMT 2024","0","Symmetric Encryption","","","","","Check meta is set [symmetric]",""
"passed","Mon Apr 29 15:15:03 GMT 2024","Mon Apr 29 15:15:03 GMT 2024","0","Local Storage Discovery","Unit Tests","","","","should load peers from local storage and dispatch events",""
"passed","Mon Apr 29 15:14:43 GMT 2024","Mon Apr 29 15:14:43 GMT 2024","0","ENR","Location multiaddr","","","","should properly create peer info with all multiaddrs",""
"passed","Mon Apr 29 15:15:09 GMT 2024","Mon Apr 29 15:15:09 GMT 2024","1","Waku Encryption","","","","","pre and post cipher",""
"skipped","Mon Apr 29 15:23:14 GMT 2024","Mon Apr 29 15:23:14 GMT 2024","0","Waku Filter V2: FilterPush: Multiple Nodes: Strict Checking: true","","","","","Check message received after jswaku node is restarted",""
"passed","Mon Apr 29 15:27:51 GMT 2024","Mon Apr 29 15:27:51 GMT 2024","0","Static Sharding: Peer Management","Peer Exchange","","","","px service nodes not subscribed to the shard should not be dialed",""
"passed","Mon Apr 29 15:18:58 GMT 2024","Mon Apr 29 15:18:58 GMT 2024","1","Waku Filter V2: Unsubscribe: Multiple Nodes: Strict Checking: true","","","","","Unsubscribe 1 topic - node subscribed to 1 topic",""
"passed","Mon Apr 29 15:14:35 GMT 2024","Mon Apr 29 15:14:35 GMT 2024","1","Relay Shard codec","","","","","should handle a minimal index list",""
"passed","Mon Apr 29 15:22:59 GMT 2024","Mon Apr 29 15:22:59 GMT 2024","1","Waku Relay, Publish","","","","","Check publish message containing unicode special characters",""
"passed","Mon Apr 29 15:18:12 GMT 2024","Mon Apr 29 15:18:12 GMT 2024","1","getPeers","getPeers with varying maxBootstrapPeers","maxBootstrapPeers=5","","","numPeers=2 -- returns total 2 peers, with max 5 bootstrap peers",""
"passed","Mon Apr 29 15:24:55 GMT 2024","Mon Apr 29 15:24:55 GMT 2024","0","Waku Store, general","","","","","Query generator for multiple messages with multiple decoders",""
"passed","Mon Apr 29 15:18:31 GMT 2024","Mon Apr 29 15:18:31 GMT 2024","1","Waku Filter V2: FilterPush","","","","","Check received message containing XML",""
"passed","Mon Apr 29 15:26:06 GMT 2024","Mon Apr 29 15:26:06 GMT 2024","1","Waku Filter V2: Subscribe: Multiple Service Nodes: Strict Check mode: false","","","","","Subscribe to topic containing Basic HTML tag and receive message",""
"passed","Mon Apr 29 15:26:06 GMT 2024","Mon Apr 29 15:26:06 GMT 2024","0","Waku Filter V2: Subscribe: Multiple Service Nodes: Strict Check mode: true","","","","","Subscribe to topic containing JSON and receive message",""
"passed","Mon Apr 29 15:15:37 GMT 2024","Mon Apr 29 15:15:37 GMT 2024","1","ENR Interop: ServiceNode","","","","","Relay",""
"passed","Mon Apr 29 15:22:59 GMT 2024","Mon Apr 29 15:22:59 GMT 2024","0","Waku Relay, Publish","","","","","Check publish message containing Basic HTML tag",""
"passed","Mon Apr 29 15:19:35 GMT 2024","Mon Apr 29 15:19:35 GMT 2024","0","Waku Filter V2: Subscribe: Single Service Node","","","","","Subscribe and receive 2 messages on the same topic",""
"passed","Mon Apr 29 15:14:35 GMT 2024","Mon Apr 29 15:14:35 GMT 2024","0","contentTopicsByPubsubTopic","","","","","throws an error for improperly formatted content topics",""
"skipped","Mon Apr 29 15:22:11 GMT 2024","Mon Apr 29 15:22:11 GMT 2024","0","Peer Exchange Query","","","","","non connected peers",""
"passed","Mon Apr 29 15:16:42 GMT 2024","Mon Apr 29 15:16:42 GMT 2024","1","Waku Filter V2 (Autosharding): Multiple PubsubTopics","","","","","Should fail to subscribe with decoder with wrong pubsubTopic",""
"passed","Mon Apr 29 15:26:06 GMT 2024","Mon Apr 29 15:26:06 GMT 2024","0","Waku Filter V2: Subscribe: Multiple Service Nodes: Strict Check mode: true","","","","","Subscribe and receive messages on 2 different content topics",""
"passed","Mon Apr 29 15:14:35 GMT 2024","Mon Apr 29 15:14:35 GMT 2024","1","ensureValidContentTopic","","","","","does not throw on valid cases",""
"passed","Mon Apr 29 15:18:31 GMT 2024","Mon Apr 29 15:18:31 GMT 2024","1","Waku Filter V2: FilterPush","","","","","Check message with non string payload is not received",""
"passed","Mon Apr 29 15:23:14 GMT 2024","Mon Apr 29 15:23:14 GMT 2024","0","Waku Filter V2: FilterPush: Multiple Nodes: Strict Checking: false","","","","","Check received message with timestamp: 1649153314 ",""
"passed","Mon Apr 29 15:19:35 GMT 2024","Mon Apr 29 15:19:35 GMT 2024","2","Waku Filter V2: Subscribe: Single Service Node","","","","","Error when try to subscribe to more than 101 topics (new limit)",""
"passed","Mon Apr 29 15:15:09 GMT 2024","Mon Apr 29 15:15:09 GMT 2024","1","Waku Encryption","","","","","Symmetric encrypt & Decrypt",""
"passed","Mon Apr 29 15:14:42 GMT 2024","Mon Apr 29 15:14:42 GMT 2024","0","Multiaddr from fields","","","","","tcp ip4 address",""
"passed","Mon Apr 29 15:26:06 GMT 2024","Mon Apr 29 15:26:06 GMT 2024","1","Waku Filter V2: Subscribe: Multiple Service Nodes: Strict Check mode: false","","","","","Subscribe to topic containing SQL Injection and receive message",""
"passed","Mon Apr 29 15:16:42 GMT 2024","Mon Apr 29 15:16:42 GMT 2024","0","Waku Filter V2 (Autosharding): Multiple PubsubTopics","","","","","Subscribe and receive messages from 2 nwaku nodes each with different pubsubtopics",""
"passed","Mon Apr 29 15:24:24 GMT 2024","Mon Apr 29 15:24:24 GMT 2024","1","Waku Light Push: Multiple Nodes: Strict Check: true","","","","","Push message with content topic containing Arabic",""
"passed","Mon Apr 29 15:23:18 GMT 2024","Mon Apr 29 15:23:18 GMT 2024","1","Peer Exchange","Compliance Test","interface-peer-discovery compliance tests","","","should not fail to start the service if it is already started",""
"passed","Mon Apr 29 15:24:24 GMT 2024","Mon Apr 29 15:24:24 GMT 2024","1","Waku Light Push: Multiple Nodes: Strict Check: true","","","","","Push message with unicode special characters payload",""
"passed","Mon Apr 29 15:14:51 GMT 2024","Mon Apr 29 15:14:51 GMT 2024","1","Message Validator","","","","","Rejects garbage",""
"passed","Mon Apr 29 15:22:17 GMT 2024","Mon Apr 29 15:22:17 GMT 2024","0","Waku Light Push: Single Node","","","","","Push message with rate limit",""
"passed","Mon Apr 29 15:24:24 GMT 2024","Mon Apr 29 15:24:24 GMT 2024","1","Waku Light Push: Multiple Nodes: Strict Check: true","","","","","Push message with Arabic payload",""
"passed","Mon Apr 29 15:18:12 GMT 2024","Mon Apr 29 15:18:12 GMT 2024","0","getPeers","getPeers with varying maxBootstrapPeers","maxBootstrapPeers=7","","","numPeers=2 -- returns total 2 peers, with max 7 bootstrap peers",""
"skipped","Mon Apr 29 15:23:13 GMT 2024","Mon Apr 29 15:23:13 GMT 2024","0","Waku Relay, Subscribe","","","","","Overlapping topic subscription",""
"passed","Mon Apr 29 15:18:12 GMT 2024","Mon Apr 29 15:18:12 GMT 2024","0","getPeers","getPeers with varying maxBootstrapPeers","maxBootstrapPeers=7","","","numPeers=4 -- returns total 4 peers, with max 7 bootstrap peers",""
"passed","Mon Apr 29 15:19:35 GMT 2024","Mon Apr 29 15:19:35 GMT 2024","7","Waku Filter V2: Subscribe: Single Service Node","","","","","Subscribe to topic containing numeric and receive message",""
"passed","Mon Apr 29 15:14:59 GMT 2024","Mon Apr 29 15:14:59 GMT 2024","0","DNS Node Discovery","","","","","it tolerates circular branch references",""
"passed","Mon Apr 29 15:22:17 GMT 2024","Mon Apr 29 15:22:17 GMT 2024","0","Waku Light Push: Single Node","","","","","Push message with shell command payload",""
"passed","Mon Apr 29 15:14:35 GMT 2024","Mon Apr 29 15:14:35 GMT 2024","0","ensureShardingConfigured","","","","","should return valid sharding parameters for static sharding",""
"passed","Mon Apr 29 15:26:06 GMT 2024","Mon Apr 29 15:26:06 GMT 2024","0","Waku Filter V2: Subscribe: Multiple Service Nodes: Strict Check mode: true","","","","","Subscribe to topic containing shell command and receive message",""
"passed","Mon Apr 29 15:24:55 GMT 2024","Mon Apr 29 15:24:55 GMT 2024","1","Waku Store, general","","","","","Query generator for 2000 messages",""
"passed","Mon Apr 29 15:18:12 GMT 2024","Mon Apr 29 15:18:12 GMT 2024","0","getConnectedPeersForProtocolAndShard","","","","","different cluster, same shard: nodes don't connect (autosharding)",""
"passed","Mon Apr 29 15:22:17 GMT 2024","Mon Apr 29 15:22:17 GMT 2024","1","Waku Light Push: Single Node","","","","","Push message with custom timestamp: 1714407511736",""
"passed","Mon Apr 29 15:24:24 GMT 2024","Mon Apr 29 15:24:24 GMT 2024","1","Waku Light Push: Multiple Nodes: Strict Check: true","","","","","Push message with JSON payload",""
"passed","Mon Apr 29 15:14:37 GMT 2024","Mon Apr 29 15:14:37 GMT 2024","0","RFC Test Vectors","","","","","Waku message hash computation (payload length 0)",""
"passed","Mon Apr 29 15:23:14 GMT 2024","Mon Apr 29 15:23:14 GMT 2024","0","Waku Filter V2: FilterPush: Multiple Nodes: Strict Checking: true","","","","","Check received message containing unicode special characters",""
"passed","Mon Apr 29 15:15:09 GMT 2024","Mon Apr 29 15:15:09 GMT 2024","0","Waku Encryption","","","","","Sign & Recover",""
"passed","Mon Apr 29 15:15:09 GMT 2024","Mon Apr 29 15:15:09 GMT 2024","0","Ensures content topic is defined","","","","","Decoder throws on empty string content topic",""
"passed","Mon Apr 29 15:22:32 GMT 2024","Mon Apr 29 15:22:32 GMT 2024","0","Waku Relay (named sharding), multiple pubsub topics","","","","","Nodes with multiple pubsub topic",""
"passed","Mon Apr 29 15:18:12 GMT 2024","Mon Apr 29 15:18:12 GMT 2024","0","getPeers","getPeers with varying maxBootstrapPeers","maxBootstrapPeers=5","","","numPeers=1 -- returns one bootstrap peer ",""
"passed","Mon Apr 29 15:22:17 GMT 2024","Mon Apr 29 15:22:17 GMT 2024","0","Waku Light Push: Single Node","","","","","Push message with JSON payload",""
"passed","Mon Apr 29 15:23:14 GMT 2024","Mon Apr 29 15:23:14 GMT 2024","1","Waku Filter V2: FilterPush: Multiple Nodes: Strict Checking: false","","","","","Check received message with timestamp: 1714403726120 ",""
"passed","Mon Apr 29 15:15:03 GMT 2024","Mon Apr 29 15:15:03 GMT 2024","1","Local Storage Discovery","Compliance Tests","interface-peer-discovery compliance tests","","","should not receive a peer event after stop",""
"passed","Mon Apr 29 15:14:37 GMT 2024","Mon Apr 29 15:14:37 GMT 2024","0","RFC Test Vectors","","","","","Waku message hash computation (meta attribute not present)",""
"passed","Mon Apr 29 15:23:13 GMT 2024","Mon Apr 29 15:23:13 GMT 2024","0","Waku Relay, Subscribe","","","","","Subscribe to topic containing escaped characters and publish message",""
"passed","Mon Apr 29 15:23:51 GMT 2024","Mon Apr 29 15:23:51 GMT 2024","0","Waku Store, cursor","","","","","Passing a valid cursor at 2 index when there are 4 messages",""
"passed","Mon Apr 29 15:19:35 GMT 2024","Mon Apr 29 15:19:35 GMT 2024","0","Waku Filter V2: Subscribe: Single Service Node","","","","","Subscribe and receives messages on 20 topics",""
"passed","Mon Apr 29 15:15:11 GMT 2024","Mon Apr 29 15:15:11 GMT 2024","1","Ecies Encryption","","","","","Check meta is set [ecies]",""
"passed","Mon Apr 29 15:23:52 GMT 2024","Mon Apr 29 15:23:52 GMT 2024","1","Autosharding: Running Nodes","Different clusters and topics","","","","random auto sharding 1 - Cluster ID: 10, Content Topic: /app21/1/topic690/utf8",""
"passed","Mon Apr 29 15:25:05 GMT 2024","Mon Apr 29 15:25:05 GMT 2024","1","Waku Store, sorting","","","","","Ordered Callback sorting by timestamp while page direction is backward",""
"passed","Mon Apr 29 15:26:06 GMT 2024","Mon Apr 29 15:26:06 GMT 2024","0","Waku Filter V2: Subscribe: Multiple Service Nodes: Strict Check mode: false","","","","","Subscribe and receive messages via lightPush",""
"passed","Mon Apr 29 15:15:35 GMT 2024","Mon Apr 29 15:15:35 GMT 2024","0","Dials","attemptDial method","","","","should be called at least once on all `peer:discovery` events",""
"passed","Mon Apr 29 15:25:34 GMT 2024","Mon Apr 29 15:25:34 GMT 2024","0","Wait for remote peer","","","","","Filter",""
"passed","Mon Apr 29 15:22:40 GMT 2024","Mon Apr 29 15:22:40 GMT 2024","4","Waku Relay, Interop","","","","","Publishes to nwaku",""
"passed","Mon Apr 29 15:19:35 GMT 2024","Mon Apr 29 15:19:35 GMT 2024","0","Waku Filter V2: Subscribe: Single Service Node","","","","","Subscribe to topic containing escaped characters and receive message",""
"passed","Mon Apr 29 15:14:34 GMT 2024","Mon Apr 29 15:14:34 GMT 2024","1","pushOrInitMapSet","","","","","Init the array if not present",""
"passed","Mon Apr 29 15:14:59 GMT 2024","Mon Apr 29 15:14:59 GMT 2024","0","DNS Node Discovery","","","","","ignores domain fetching errors",""
"passed","Mon Apr 29 15:22:32 GMT 2024","Mon Apr 29 15:22:32 GMT 2024","0","Waku Relay (named sharding), multiple pubsub topics","","","","","3 nodes on /waku/2/rs/3/2 topic",""
"passed","Mon Apr 29 15:14:35 GMT 2024","Mon Apr 29 15:14:35 GMT 2024","0","pubsubTopicToSingleShardInfo with various invalid formats","","","","","should throw an error for invalid PubsubTopic format: /incorrect/format",""
"passed","Mon Apr 29 15:20:00 GMT 2024","Mon Apr 29 15:20:00 GMT 2024","1","Waku Light Push (named sharding): Multiple PubsubTopics","","","","","Push message on custom pubsubTopic",""
"passed","Mon Apr 29 15:25:24 GMT 2024","Mon Apr 29 15:25:24 GMT 2024","1","Waku Store, time filter","","","","","Timestamp too far from node time: 40000 ms from now",""
"passed","Mon Apr 29 15:16:42 GMT 2024","Mon Apr 29 15:16:42 GMT 2024","1","Waku Filter V2 (Named sharding): Multiple PubsubTopics","","","","","Should fail to subscribe with decoder with wrong pubsubTopic",""
"passed","Mon Apr 29 15:24:55 GMT 2024","Mon Apr 29 15:24:55 GMT 2024","1","Waku Store, general","","","","","Query generator for multiple messages with different message text format",""
"passed","Mon Apr 29 15:23:13 GMT 2024","Mon Apr 29 15:23:13 GMT 2024","0","Waku Relay, Subscribe","","","","","Subscribe to topic containing Script and publish message",""
"passed","Mon Apr 29 15:24:43 GMT 2024","Mon Apr 29 15:24:43 GMT 2024","7","Waku Store, error handling","","","","","Query with Ordered Callback, No message returned",""
"passed","Mon Apr 29 15:15:03 GMT 2024","Mon Apr 29 15:15:03 GMT 2024","0","Local Storage Discovery","Compliance Tests","interface-peer-discovery compliance tests","","","should not fail to stop the service if it was not started",""
"passed","Mon Apr 29 15:23:13 GMT 2024","Mon Apr 29 15:23:13 GMT 2024","1","Waku Relay, Subscribe","","","","","Subscribe to topic containing JSON and publish message",""
"passed","Mon Apr 29 15:26:06 GMT 2024","Mon Apr 29 15:26:06 GMT 2024","0","Waku Filter V2: Subscribe: Multiple Service Nodes: Strict Check mode: true","","","","","Subscribe to topic containing special chars and receive message",""
"passed","Mon Apr 29 15:14:48 GMT 2024","Mon Apr 29 15:14:48 GMT 2024","0","Ensures content topic is defined","","","","","Decoder throws on undefined content topic",""
"passed","Mon Apr 29 15:14:48 GMT 2024","Mon Apr 29 15:14:48 GMT 2024","1","Waku Message version 0","","","","","Round trip binary serialization",""
"passed","Mon Apr 29 15:20:05 GMT 2024","Mon Apr 29 15:20:05 GMT 2024","0","nwaku","","","","","Correctly serialized arguments",""
"passed","Mon Apr 29 15:23:14 GMT 2024","Mon Apr 29 15:23:14 GMT 2024","0","Waku Filter V2: FilterPush: Multiple Nodes: Strict Checking: false","","","","","Check message with non string payload is not received",""
"passed","Mon Apr 29 15:15:09 GMT 2024","Mon Apr 29 15:15:09 GMT 2024","1","Symmetric Encryption","","","","","Round trip binary encryption [symmetric, signature]",""
"passed","Mon Apr 29 15:18:12 GMT 2024","Mon Apr 29 15:18:12 GMT 2024","2","getPeers","getPeers with varying maxBootstrapPeers","maxBootstrapPeers=6","","","numPeers=1 -- returns one bootstrap peer ",""
"passed","Mon Apr 29 15:18:12 GMT 2024","Mon Apr 29 15:18:12 GMT 2024","0","getConnectedPeersForProtocolAndShard","","","","","different cluster, same shard: nodes don't connect",""
"passed","Mon Apr 29 15:23:14 GMT 2024","Mon Apr 29 15:23:14 GMT 2024","0","Waku Filter V2: FilterPush: Multiple Nodes: Strict Checking: false","","","","","Check received message containing Basic HTML tag",""
"passed","Mon Apr 29 15:18:12 GMT 2024","Mon Apr 29 15:18:12 GMT 2024","0","getConnectedPeersForProtocolAndShard","","","","","same cluster, same shard: nodes connect (autosharding)",""
"passed","Mon Apr 29 15:15:51 GMT 2024","Mon Apr 29 15:15:51 GMT 2024","0","Waku Message Ephemeral field","","","","","Ephemeral field is preserved - encoder v0",""
"passed","Mon Apr 29 15:22:17 GMT 2024","Mon Apr 29 15:22:17 GMT 2024","1","Waku Light Push: Single Node","","","","","Push message with content topic containing SQL Injection",""
"passed","Mon Apr 29 15:22:17 GMT 2024","Mon Apr 29 15:22:17 GMT 2024","2","Waku Light Push: Single Node","","","","","Push message with custom timestamp: 1683645511736",""
"passed","Mon Apr 29 15:14:35 GMT 2024","Mon Apr 29 15:14:35 GMT 2024","0","pubsubTopicToSingleShardInfo with various invalid formats","","","","","should throw an error for invalid PubsubTopic format: /waku/2/r/1/2",""
"passed","Mon Apr 29 15:14:35 GMT 2024","Mon Apr 29 15:14:35 GMT 2024","0","determinePubsubTopic","","","","","should process correctly when SingleShardInfo has no clusterId but has a shard",""
"passed","Mon Apr 29 15:23:51 GMT 2024","Mon Apr 29 15:23:51 GMT 2024","1","Waku Store, cursor","","","","","Passing a valid cursor at 10 index when there are 40 messages",""
"passed","Mon Apr 29 15:15:38 GMT 2024","Mon Apr 29 15:15:38 GMT 2024","1","DNS Discovery: Compliance Test","interface-peer-discovery compliance tests","","","","should not fail to start the service if it is already started",""
"passed","Mon Apr 29 15:22:17 GMT 2024","Mon Apr 29 15:22:17 GMT 2024","1","Waku Light Push: Single Node","","","","","Push message with Arabic payload",""
"passed","Mon Apr 29 15:19:35 GMT 2024","Mon Apr 29 15:19:35 GMT 2024","4","Waku Filter V2: Subscribe: Single Service Node","","","","","Subscribe to topic containing unicode special characters and receive message",""
"passed","Mon Apr 29 15:14:58 GMT 2024","Mon Apr 29 15:14:58 GMT 2024","1","ENRTree","","","","","ENRTree (branch): should parse and verify a single component DNS branch entry",""
"passed","Mon Apr 29 15:14:35 GMT 2024","Mon Apr 29 15:14:35 GMT 2024","0","ensureShardingConfigured","","","","","should configure sharding based on clusterId, application and version for autosharding with cluster iD 0",""
"passed","Mon Apr 29 15:23:52 GMT 2024","Mon Apr 29 15:23:52 GMT 2024","1","Autosharding: Running Nodes","Different clusters and topics","","","","random auto sharding 5 - Cluster ID: 10, Content Topic: /app72/3/topic23/xml",""
"skipped","Mon Apr 29 15:23:14 GMT 2024","Mon Apr 29 15:23:14 GMT 2024","0","Waku Filter V2: FilterPush: Multiple Nodes: Strict Checking: false","","","","","Check message received after nwaku node is restarted",""
"passed","Mon Apr 29 15:14:35 GMT 2024","Mon Apr 29 15:14:35 GMT 2024","0","contentTopicsByPubsubTopic","","","","","handles different clusterIds correctly",""
"passed","Mon Apr 29 15:16:49 GMT 2024","Mon Apr 29 15:16:49 GMT 2024","0","Waku Filter V2: Ping: Multiple Nodes: Strict Checking: false","","","","","Ping on unsubscribed peer",""
"passed","Mon Apr 29 15:24:07 GMT 2024","Mon Apr 29 15:24:07 GMT 2024","1","Static Sharding: Running Nodes","Others","","","","configure the node with multiple pubsub topics",""
"passed","Mon Apr 29 15:14:59 GMT 2024","Mon Apr 29 15:14:59 GMT 2024","1","DNS Node Discovery","","","","","recovers when dns.resolve returns empty",""
"passed","Mon Apr 29 15:14:35 GMT 2024","Mon Apr 29 15:14:35 GMT 2024","0","ensurePubsubTopicIsConfigured","","","","","should not throw an error when the topic is within a list of configured topics",""
"passed","Mon Apr 29 15:23:13 GMT 2024","Mon Apr 29 15:23:13 GMT 2024","0","Waku Relay, Subscribe","","","","","Subscribe to topic containing unicode special characters and publish message",""
"passed","Mon Apr 29 15:22:40 GMT 2024","Mon Apr 29 15:22:40 GMT 2024","0","Waku Relay, Interop","","","","","Nwaku publishes",""
"passed","Mon Apr 29 15:23:51 GMT 2024","Mon Apr 29 15:23:51 GMT 2024","0","Waku Store, cursor","","","","","Reusing cursor across nodes",""
"passed","Mon Apr 29 15:16:15 GMT 2024","Mon Apr 29 15:16:15 GMT 2024","1","Connection state","","","","","isConnected return false after peer stops",""
"passed","Mon Apr 29 15:25:15 GMT 2024","Mon Apr 29 15:25:15 GMT 2024","0","Waku Store, page size","","","","","Passing page size 19 when there are 20 messages",""
"passed","Mon Apr 29 15:14:35 GMT 2024","Mon Apr 29 15:14:35 GMT 2024","0","contentTopicToShardIndex","","","","","should correctly map /waku/2/content/test.js to shard index 1",""
"passed","Mon Apr 29 15:16:08 GMT 2024","Mon Apr 29 15:16:08 GMT 2024","0","Public methods","","","","","addEventListener with wrong event",""
"passed","Mon Apr 29 15:14:37 GMT 2024","Mon Apr 29 15:14:37 GMT 2024","1","RFC Test Vectors","","","","","Waku message hash computation (meta size of 12 bytes)",""
"passed","Mon Apr 29 15:18:12 GMT 2024","Mon Apr 29 15:18:12 GMT 2024","1","getPeers","getPeers with varying maxBootstrapPeers","maxBootstrapPeers=2","","","numPeers=2 -- returns total 2 peers, with max 2 bootstrap peers",""
"passed","Mon Apr 29 15:15:03 GMT 2024","Mon Apr 29 15:15:03 GMT 2024","0","Local Storage Discovery","Unit Tests","","","","should handle corrupted local storage data gracefully",""
"passed","Mon Apr 29 15:26:06 GMT 2024","Mon Apr 29 15:26:06 GMT 2024","0","Waku Filter V2: Subscribe: Multiple Service Nodes: Strict Check mode: false","","","","","Subscribe to topic containing XML and receive message",""
"passed","Mon Apr 29 15:19:35 GMT 2024","Mon Apr 29 15:19:35 GMT 2024","1","Waku Filter V2: Subscribe: Single Service Node","","","","","Subscribe to topic containing Arabic and receive message",""
"passed","Mon Apr 29 15:16:15 GMT 2024","Mon Apr 29 15:16:15 GMT 2024","0","Connection state","","","","","isConnected should return false after all peers disconnect",""
"passed","Mon Apr 29 15:18:31 GMT 2024","Mon Apr 29 15:18:31 GMT 2024","1","Waku Filter V2: FilterPush","","","","","Check message on other pubsub topic is not received",""
"skipped","Mon Apr 29 15:22:59 GMT 2024","Mon Apr 29 15:22:59 GMT 2024","0","SDK: Creating by Content Topic","","","","","receives messages sent to provided content topic through stream",""
"passed","Mon Apr 29 15:27:51 GMT 2024","Mon Apr 29 15:27:51 GMT 2024","0","Autosharding: Peer Management","Peer Exchange","","","","all px service nodes subscribed to the shard topic should be dialed",""
"passed","Mon Apr 29 15:23:14 GMT 2024","Mon Apr 29 15:23:14 GMT 2024","0","Waku Filter V2: FilterPush: Multiple Nodes: Strict Checking: true","","","","","Check received message containing long",""
"passed","Mon Apr 29 15:22:17 GMT 2024","Mon Apr 29 15:22:17 GMT 2024","1","Waku Light Push: Single Node","","","","","Push message with meta",""
"passed","Mon Apr 29 15:18:31 GMT 2024","Mon Apr 29 15:18:31 GMT 2024","0","Waku Filter V2: FilterPush","","","","","Check received message containing long",""
"passed","Mon Apr 29 15:25:24 GMT 2024","Mon Apr 29 15:25:24 GMT 2024","0","Waku Store, time filter","","","","","msgTime: -19000 ms from now, startTime: -18990, endTime: -19010",""
"passed","Mon Apr 29 15:24:07 GMT 2024","Mon Apr 29 15:24:07 GMT 2024","0","Static Sharding: Running Nodes","Different clusters and shards","","","","random static sharding 2 - Cluster ID: 983, Shard ID: 294",""
"passed","Mon Apr 29 15:22:59 GMT 2024","Mon Apr 29 15:22:59 GMT 2024","0","Waku Relay, Publish","","","","","Check publish message containing Script",""
"passed","Mon Apr 29 15:24:43 GMT 2024","Mon Apr 29 15:24:43 GMT 2024","0","Waku Store, error handling","","","","","Query with Promise Callback, Wrong PubsubTopic",""
"passed","Mon Apr 29 15:23:13 GMT 2024","Mon Apr 29 15:23:13 GMT 2024","0","Waku Relay, Subscribe","","","","","Subscribe to topic containing shell command and publish message",""
"passed","Mon Apr 29 15:22:17 GMT 2024","Mon Apr 29 15:22:17 GMT 2024","0","Waku Light Push: Single Node","","","","","Push message with short payload",""
"passed","Mon Apr 29 15:24:24 GMT 2024","Mon Apr 29 15:24:24 GMT 2024","1","Waku Light Push: Multiple Nodes: Strict Check: true","","","","","Push message with Chinese payload",""
"passed","Mon Apr 29 15:24:51 GMT 2024","Mon Apr 29 15:24:51 GMT 2024","1","Waku Store (named sharding), custom pubsub topic","","","","","Generator, 2 nwaku nodes each with different pubsubtopics",""
"passed","Mon Apr 29 15:25:07 GMT 2024","Mon Apr 29 15:25:07 GMT 2024","0","Util: toAsyncIterator: Filter","","","","","handles multiple messages",""
"passed","Mon Apr 29 15:15:03 GMT 2024","Mon Apr 29 15:15:03 GMT 2024","0","Local Storage Discovery","Compliance Tests","interface-peer-discovery compliance tests","","","should emit a peer event after start",""
"passed","Mon Apr 29 15:14:43 GMT 2024","Mon Apr 29 15:14:43 GMT 2024","0","ENR","waku2 key round trip","","","","should set field with all protocols disabled",""
"passed","Mon Apr 29 15:14:43 GMT 2024","Mon Apr 29 15:14:43 GMT 2024","0","ENR","Txt codec","","","","should throw error - no public key",""
"passed","Mon Apr 29 15:20:00 GMT 2024","Mon Apr 29 15:20:00 GMT 2024","1","Waku Light Push : Multiple PubsubTopics","","","","","Subscribe and receive messages on 2 different pubsubtopics",""
"passed","Mon Apr 29 15:20:11 GMT 2024","Mon Apr 29 15:20:11 GMT 2024","0","Metadata Protocol","connections","","","","same cluster, different shard: nodes connect",""
"passed","Mon Apr 29 15:23:13 GMT 2024","Mon Apr 29 15:23:13 GMT 2024","1","Waku Relay, Subscribe","","","","","Subscribe to topic containing XML and publish message",""
"passed","Mon Apr 29 15:23:13 GMT 2024","Mon Apr 29 15:23:13 GMT 2024","0","Waku Relay, Subscribe","","","","","Subscribe to topic containing short and publish message",""
"passed","Mon Apr 29 15:15:03 GMT 2024","Mon Apr 29 15:15:03 GMT 2024","1","Local Storage Discovery","Compliance Tests","interface-peer-discovery compliance tests","","","can start and stop the service",""
"passed","Mon Apr 29 15:24:24 GMT 2024","Mon Apr 29 15:24:24 GMT 2024","1","Waku Light Push: Multiple Nodes: Strict Check: true","","","","","Push message with XML payload",""
"passed","Mon Apr 29 15:14:43 GMT 2024","Mon Apr 29 15:14:43 GMT 2024","1","ENR","Static tests","","","","should properly compute the node id",""
"passed","Mon Apr 29 15:20:11 GMT 2024","Mon Apr 29 15:20:11 GMT 2024","1","Metadata Protocol","connections","","","","different cluster, same shard: nodes don't connect",""
"passed","Mon Apr 29 15:14:35 GMT 2024","Mon Apr 29 15:14:35 GMT 2024","0","shardInfoToPubsubTopics","","","","","should convert content topics to PubsubTopics for autosharding",""
"passed","Mon Apr 29 15:18:31 GMT 2024","Mon Apr 29 15:18:31 GMT 2024","0","Waku Filter V2: FilterPush","","","","","Check received message with timestamp: 1714403727273 ",""
"passed","Mon Apr 29 15:14:42 GMT 2024","Mon Apr 29 15:14:42 GMT 2024","1","ENR waku2 codec","Encoding","","","","should be able to encode the field with only FILTER set to true",""
"passed","Mon Apr 29 15:23:51 GMT 2024","Mon Apr 29 15:23:51 GMT 2024","0","Waku Store, cursor","","","","","Passing cursor with wrong pubsubTopic",""
"passed","Mon Apr 29 15:18:31 GMT 2024","Mon Apr 29 15:18:31 GMT 2024","1","Waku Filter V2: FilterPush","","","","","Check message with invalid timestamp is not received",""
"passed","Mon Apr 29 15:23:14 GMT 2024","Mon Apr 29 15:23:14 GMT 2024","0","Waku Filter V2: FilterPush: Multiple Nodes: Strict Checking: true","","","","","Check message with no content topic is not received",""
"passed","Mon Apr 29 15:16:49 GMT 2024","Mon Apr 29 15:16:49 GMT 2024","1","Waku Filter V2: Ping: Multiple Nodes: Strict Checking: false","","","","","Reopen subscription with peer with lost subscription",""
"passed","Mon Apr 29 15:20:00 GMT 2024","Mon Apr 29 15:20:00 GMT 2024","1","Waku Light Push (Autosharding): Multiple PubsubTopics","","","","","Light push messages to 2 nwaku nodes each with different pubsubtopics",""
"passed","Mon Apr 29 15:24:55 GMT 2024","Mon Apr 29 15:24:55 GMT 2024","1","Waku Store, general","","","","","Generator, with asymmetric & symmetric encrypted messages",""
"passed","Mon Apr 29 15:19:35 GMT 2024","Mon Apr 29 15:19:35 GMT 2024","2","Waku Filter V2: Subscribe: Single Service Node","","","","","Subscribe and receive messages on 2 different content topics",""
"passed","Mon Apr 29 15:14:35 GMT 2024","Mon Apr 29 15:14:35 GMT 2024","0","contentTopicToShardIndex","","","","","should correctly map /app/22/sometopic/someencoding to shard index 2",""
"passed","Mon Apr 29 15:18:12 GMT 2024","Mon Apr 29 15:18:12 GMT 2024","4","getConnectedPeersForProtocolAndShard","","","","","same cluster, different shard: nodes connect (autosharding)",""
"passed","Mon Apr 29 15:14:48 GMT 2024","Mon Apr 29 15:14:48 GMT 2024","0","Ensures content topic is defined","","","","","Encoder throws on undefined content topic",""
"passed","Mon Apr 29 15:18:12 GMT 2024","Mon Apr 29 15:18:12 GMT 2024","1","getConnectedPeersForProtocolAndShard","","","","","different cluster, different shard: nodes don't connect",""
"skipped","Mon Apr 29 15:22:10 GMT 2024","Mon Apr 29 15:22:10 GMT 2024","0","Peer Exchange","","","","","new peer added after a peer was already found",""
"passed","Mon Apr 29 15:18:12 GMT 2024","Mon Apr 29 15:18:12 GMT 2024","0","getConnectedPeersForProtocolAndShard","","","","","same cluster, different shard: nodes don't connect",""
"passed","Mon Apr 29 15:16:42 GMT 2024","Mon Apr 29 15:16:42 GMT 2024","0","Waku Filter V2 (Autosharding): Multiple PubsubTopics","","","","","Subscribe and receive messages on 2 different pubsubtopics",""
"passed","Mon Apr 29 15:14:35 GMT 2024","Mon Apr 29 15:14:35 GMT 2024","0","ensureShardingConfigured","","","","","should configure sharding based on clusterId, application and version for autosharding with cluster iD 1",""
"passed","Mon Apr 29 15:14:59 GMT 2024","Mon Apr 29 15:14:59 GMT 2024","1","DNS Node Discovery w/ capabilities","","","","","retrieves all peers (2) when cannot fulfill all requirements",""
"passed","Mon Apr 29 15:23:14 GMT 2024","Mon Apr 29 15:23:14 GMT 2024","0","Waku Filter V2: FilterPush: Multiple Nodes: Strict Checking: true","","","","","Check message on other pubsub topic is not received",""
"passed","Mon Apr 29 15:23:14 GMT 2024","Mon Apr 29 15:23:14 GMT 2024","0","Waku Filter V2: FilterPush: Multiple Nodes: Strict Checking: true","","","","","Check received message containing Basic HTML tag",""
"passed","Mon Apr 29 15:18:58 GMT 2024","Mon Apr 29 15:18:58 GMT 2024","1","Waku Filter V2: Unsubscribe: Multiple Nodes: Strict Checking: true","","","","","Unsubscribe topics the node is not subscribed to",""
"passed","Mon Apr 29 15:15:38 GMT 2024","Mon Apr 29 15:15:38 GMT 2024","0","DNS Discovery: Compliance Test","interface-peer-discovery compliance tests","","","","should emit a peer event after start",""
"passed","Mon Apr 29 15:22:59 GMT 2024","Mon Apr 29 15:22:59 GMT 2024","0","Waku Relay, Publish","","","","","Check publish message containing SQL Injection",""
"passed","Mon Apr 29 15:22:17 GMT 2024","Mon Apr 29 15:22:17 GMT 2024","0","Waku Light Push: Single Node","","","","","Push message with Script payload",""
"passed","Mon Apr 29 15:14:35 GMT 2024","Mon Apr 29 15:14:35 GMT 2024","1","Relay Shard codec","","","","","should throw an error for insufficient data",""
"passed","Mon Apr 29 15:19:35 GMT 2024","Mon Apr 29 15:19:35 GMT 2024","0","This","Is also","","","","A test",""
"passed","Mon Apr 29 15:23:14 GMT 2024","Mon Apr 29 15:23:14 GMT 2024","0","Waku Filter V2: FilterPush: Multiple Nodes: Strict Checking: true","","","","","Check received message containing special chars",""
"skipped","Mon Apr 29 15:22:59 GMT 2024","Mon Apr 29 15:22:59 GMT 2024","0","SDK: Creating by Content Topic","","","","","receives messages sent to provided content topic through callback",""
"passed","Mon Apr 29 15:14:59 GMT 2024","Mon Apr 29 15:14:59 GMT 2024","1","Fetch nodes until capabilities are fulfilled","","","","","1 Relay, 1 fetch",""
"passed","Mon Apr 29 15:14:35 GMT 2024","Mon Apr 29 15:14:35 GMT 2024","0","ensureShardingConfigured","","","","","should return valid sharding parameters for content topics autosharding",""
"passed","Mon Apr 29 15:15:51 GMT 2024","Mon Apr 29 15:15:51 GMT 2024","0","Waku Message Ephemeral field","","","","","Ephemeral field is preserved - asymmetric encryption",""
"passed","Mon Apr 29 15:15:38 GMT 2024","Mon Apr 29 15:15:38 GMT 2024","1","DNS Discovery: Compliance Test","interface-peer-discovery compliance tests","","","","should not receive a peer event before start",""
"passed","Mon Apr 29 15:14:48 GMT 2024","Mon Apr 29 15:14:48 GMT 2024","0","Waku Message version 0","","","","","Meta field set when metaSetter is specified",""
"skipped","Mon Apr 29 15:22:11 GMT 2024","Mon Apr 29 15:22:11 GMT 2024","1","Peer Exchange Query","","","","","less peers than existing",""
"passed","Mon Apr 29 15:22:17 GMT 2024","Mon Apr 29 15:22:17 GMT 2024","1","Waku Light Push: Single Node","","","","","Push message with custom timestamp: 1714400311736",""
"passed","Mon Apr 29 15:14:48 GMT 2024","Mon Apr 29 15:14:48 GMT 2024","0","filterPeersByDiscovery function","","","","","should return all non-bootstrap peers and no bootstrap peer when numPeers is 0 and maxBootstrapPeers is 0",""
"skipped","Mon Apr 29 15:15:38 GMT 2024","Mon Apr 29 15:15:38 GMT 2024","0","DNS Node Discovery [live data]","","","","","should retrieve 3 multiaddrs for test.waku.nodes.status.im",""
"passed","Mon Apr 29 15:22:17 GMT 2024","Mon Apr 29 15:22:17 GMT 2024","0","Waku Light Push: Single Node","","","","","Push message with content topic containing special chars",""
"passed","Mon Apr 29 15:19:35 GMT 2024","Mon Apr 29 15:19:35 GMT 2024","2","Waku Filter V2: Subscribe: Single Service Node","","","","","Subscribe to topic containing Russian and receive message",""
"passed","Mon Apr 29 15:23:14 GMT 2024","Mon Apr 29 15:23:14 GMT 2024","1","Waku Filter V2: FilterPush: Multiple Nodes: Strict Checking: false","","","","","Check received message containing SQL Injection",""
"passed","Mon Apr 29 15:14:35 GMT 2024","Mon Apr 29 15:14:35 GMT 2024","0","shardInfoToPubsubTopics","","","","","should return unique PubsubTopics for static sharding",""
"passed","Mon Apr 29 15:22:32 GMT 2024","Mon Apr 29 15:22:32 GMT 2024","1","Waku Relay, multiple pubsub topics","","","","","3 nodes on /waku/2/rs/3/2 topic",""
"passed","Mon Apr 29 15:14:59 GMT 2024","Mon Apr 29 15:14:59 GMT 2024","0","DNS Node Discovery","","","","","caches peers it previously fetched",""
"passed","Mon Apr 29 15:15:11 GMT 2024","Mon Apr 29 15:15:11 GMT 2024","1","Ecies Encryption","","","","","Round trip binary encryption [ecies, no signature]",""
"passed","Mon Apr 29 15:14:35 GMT 2024","Mon Apr 29 15:14:35 GMT 2024","1","ensureValidContentTopic","","","","","throws on content topic with generation field greater than 0",""
"passed","Mon Apr 29 15:24:55 GMT 2024","Mon Apr 29 15:24:55 GMT 2024","1","Waku Store, general","","","","","Query generator for multiple messages with different content topic format",""
"passed","Mon Apr 29 15:14:35 GMT 2024","Mon Apr 29 15:14:35 GMT 2024","1","ensureValidContentTopic","","","","","throws on content topic with too few or too many fields",""
"passed","Mon Apr 29 15:24:07 GMT 2024","Mon Apr 29 15:24:07 GMT 2024","0","Static Sharding: Running Nodes","Different clusters and shards","","","","Cluster ID 0 - Default/Global Cluster",""
"passed","Mon Apr 29 15:14:48 GMT 2024","Mon Apr 29 15:14:48 GMT 2024","0","filterPeersByDiscovery function","","","","","should return all peers when numPeers is 0",""
"passed","Mon Apr 29 15:26:06 GMT 2024","Mon Apr 29 15:26:06 GMT 2024","1","Waku Filter V2: Subscribe: Multiple Service Nodes: Strict Check mode: false","","","","","Add multiple subscription objects on single nwaku node",""
"passed","Mon Apr 29 15:15:35 GMT 2024","Mon Apr 29 15:15:35 GMT 2024","0","Dials","dialPeer method","For peer-exchange peers","","","should be called for every peer with PEER_EXCHANGE tags",""
"passed","Mon Apr 29 15:24:07 GMT 2024","Mon Apr 29 15:24:07 GMT 2024","0","Static Sharding: Running Nodes","Others","","","","start node with empty shard",""
"passed","Mon Apr 29 15:23:14 GMT 2024","Mon Apr 29 15:23:14 GMT 2024","0","Waku Filter V2: FilterPush: Multiple Nodes: Strict Checking: true","","","","","Check received message containing Arabic",""
"passed","Mon Apr 29 15:14:59 GMT 2024","Mon Apr 29 15:14:59 GMT 2024","1","DNS Node Discovery w/ capabilities","","","","","should only return 1 node with store capability",""
"passed","Mon Apr 29 15:26:06 GMT 2024","Mon Apr 29 15:26:06 GMT 2024","1","Waku Filter V2: Subscribe: Multiple Service Nodes: Strict Check mode: false","","","","","Refresh subscription",""
"passed","Mon Apr 29 15:25:15 GMT 2024","Mon Apr 29 15:25:15 GMT 2024","1","Waku Store, page size","","","","","Default pageSize",""
"passed","Mon Apr 29 15:25:07 GMT 2024","Mon Apr 29 15:25:07 GMT 2024","1","Util: toAsyncIterator: Filter","","","","","unsubscribes",""
"passed","Mon Apr 29 15:22:17 GMT 2024","Mon Apr 29 15:22:17 GMT 2024","1","Waku Light Push: Single Node","","","","","Fails to push message with large meta",""
"passed","Mon Apr 29 15:24:24 GMT 2024","Mon Apr 29 15:24:24 GMT 2024","0","Waku Light Push: Multiple Nodes: Strict Check: true","","","","","Push message with content topic containing escaped characters",""
"passed","Mon Apr 29 15:24:07 GMT 2024","Mon Apr 29 15:24:07 GMT 2024","0","Static Sharding: Running Nodes","Different clusters and shards","","","","shard 0",""
"passed","Mon Apr 29 15:15:27 GMT 2024","Mon Apr 29 15:15:27 GMT 2024","6","Events","peer:connect","","","","should emit `peer:connected:bootstrap` event when a peer is connected",""
"passed","Mon Apr 29 15:14:59 GMT 2024","Mon Apr 29 15:14:59 GMT 2024","0","Fetch nodes until capabilities are fulfilled","","","","","1 Store, 2 fetches",""
"skipped","Mon Apr 29 15:22:59 GMT 2024","Mon Apr 29 15:22:59 GMT 2024","0","Waku Relay, Publish","","","","","Check publish message after service node is restarted",""
"skipped","Mon Apr 29 15:22:11 GMT 2024","Mon Apr 29 15:22:11 GMT 2024","1","Peer Exchange Query","","","","","connected peers and dial",""
"passed","Mon Apr 29 15:14:35 GMT 2024","Mon Apr 29 15:14:35 GMT 2024","0","pubsubTopicToSingleShardInfo with various invalid formats","","","","","should throw an error for non-numeric clusterId: /waku/2/rs//1",""
"passed","Mon Apr 29 15:23:14 GMT 2024","Mon Apr 29 15:23:14 GMT 2024","0","Waku Filter V2: FilterPush: Multiple Nodes: Strict Checking: true","","","","","Check message with non string payload is not received",""
"passed","Mon Apr 29 15:18:31 GMT 2024","Mon Apr 29 15:18:31 GMT 2024","0","Waku Filter V2: FilterPush","","","","","Check received message containing numeric",""
"passed","Mon Apr 29 15:23:52 GMT 2024","Mon Apr 29 15:23:52 GMT 2024","1","Autosharding: Running Nodes","Different clusters and topics","","","","Wrong topic",""
"passed","Mon Apr 29 15:15:03 GMT 2024","Mon Apr 29 15:15:03 GMT 2024","1","Local Storage Discovery","Unit Tests","","","","should update peers in local storage on 'peer:identify' event",""
"passed","Mon Apr 29 15:26:06 GMT 2024","Mon Apr 29 15:26:06 GMT 2024","0","Waku Filter V2: Subscribe: Multiple Service Nodes: Strict Check mode: false","","","","","Subscribe to topic containing short and receive message",""
"passed","Mon Apr 29 15:24:07 GMT 2024","Mon Apr 29 15:24:07 GMT 2024","1","Static Sharding: Running Nodes","Others","","","","using a protocol with unconfigured pubsub topic should fail",""
"passed","Mon Apr 29 15:26:06 GMT 2024","Mon Apr 29 15:26:06 GMT 2024","0","Waku Filter V2: Subscribe: Multiple Service Nodes: Strict Check mode: true","","","","","Subscribe to topic containing Russian and receive message",""
"passed","Mon Apr 29 15:14:35 GMT 2024","Mon Apr 29 15:14:35 GMT 2024","0","contentTopicToShardIndex","","","","","should correctly map /app/20/sometopic/someencoding to shard index 0 with networkShards 1",""
"passed","Mon Apr 29 15:22:17 GMT 2024","Mon Apr 29 15:22:17 GMT 2024","0","Waku Light Push: Single Node","","","","","Push message with unicode special characters payload",""
"passed","Mon Apr 29 15:18:12 GMT 2024","Mon Apr 29 15:18:12 GMT 2024","0","getPeers","getPeers property-based tests","","","","should return the correct number of peers based on numPeers and maxBootstrapPeers",""
"passed","Mon Apr 29 15:14:35 GMT 2024","Mon Apr 29 15:14:35 GMT 2024","0","pubsubTopicToSingleShardInfo with various invalid formats","","","","","should throw an error for non-numeric shard: /waku/2/rs/1/y",""
"passed","Mon Apr 29 15:18:12 GMT 2024","Mon Apr 29 15:18:12 GMT 2024","0","getPeers","getPeers with varying maxBootstrapPeers","maxBootstrapPeers=1","","","numPeers=0 -- returns all peers including all non-bootstrap with maxBootstrapPeers: 1",""
"passed","Mon Apr 29 15:14:35 GMT 2024","Mon Apr 29 15:14:35 GMT 2024","0","ensureValidContentTopic","","","","","throws on content topic with empty application field",""
"passed","Mon Apr 29 15:22:17 GMT 2024","Mon Apr 29 15:22:17 GMT 2024","0","Waku Light Push: Single Node","","","","","Push message with Chinese payload",""
"passed","Mon Apr 29 15:16:49 GMT 2024","Mon Apr 29 15:16:49 GMT 2024","1","Waku Filter V2: Ping: Multiple Nodes: Strict Checking: true","","","","","Ping on unsubscribed peer",""
"passed","Mon Apr 29 15:14:43 GMT 2024","Mon Apr 29 15:14:43 GMT 2024","5","ENR","Verify","","","","should throw error - invalid id",""
"passed","Mon Apr 29 15:24:24 GMT 2024","Mon Apr 29 15:24:24 GMT 2024","0","Waku Light Push: Multiple Nodes: Strict Check: true","","","","","Push 30 different messages",""
"passed","Mon Apr 29 15:16:42 GMT 2024","Mon Apr 29 15:16:42 GMT 2024","1","Waku Filter V2 (Named sharding): Multiple PubsubTopics","","","","","Subscribe and receive messages on custom pubsubtopic",""
"passed","Mon Apr 29 15:14:35 GMT 2024","Mon Apr 29 15:14:35 GMT 2024","0","shardInfoToPubsubTopics","","","","","should handle clusterId, application and version for autosharding with cluster iD 1",""
"passed","Mon Apr 29 15:14:43 GMT 2024","Mon Apr 29 15:14:43 GMT 2024","0","ENR","Verify","","","","should throw error - no public key",""
"passed","Mon Apr 29 15:24:51 GMT 2024","Mon Apr 29 15:24:51 GMT 2024","1","Waku Store (Autosharding), custom pubsub topic","","","","","Generator, custom pubsub topic",""
"passed","Mon Apr 29 15:23:14 GMT 2024","Mon Apr 29 15:23:14 GMT 2024","0","Waku Filter V2: FilterPush: Multiple Nodes: Strict Checking: true","","","","","Check received message with timestamp: 1949153314000 ",""
"passed","Mon Apr 29 15:15:11 GMT 2024","Mon Apr 29 15:15:11 GMT 2024","0","Ecies Encryption","","","","","Round trip binary encryption [ecies, signature]",""
"passed","Mon Apr 29 15:16:08 GMT 2024","Mon Apr 29 15:16:08 GMT 2024","0","Public methods","","","","","getPeersByDiscovery",""
"passed","Mon Apr 29 15:22:17 GMT 2024","Mon Apr 29 15:22:17 GMT 2024","1","Waku Light Push: Single Node","","","","","Push message with content topic containing short",""
"passed","Mon Apr 29 15:16:08 GMT 2024","Mon Apr 29 15:16:08 GMT 2024","0","Public methods","","","","","listenerCount",""
"passed","Mon Apr 29 15:25:15 GMT 2024","Mon Apr 29 15:25:15 GMT 2024","0","Waku Store, page size","","","","","Passing page size 110 when there are 120 messages",""
"passed","Mon Apr 29 15:14:35 GMT 2024","Mon Apr 29 15:14:35 GMT 2024","0","pubsubTopicToSingleShardInfo with various invalid formats","","","","","should throw an error for non-numeric shard: /waku/2/rs/1/$",""
"passed","Mon Apr 29 15:22:14 GMT 2024","Mon Apr 29 15:22:14 GMT 2024","0","Waku Relay","","","","","Decrypt messages",""
"passed","Mon Apr 29 15:15:38 GMT 2024","Mon Apr 29 15:15:38 GMT 2024","1","DNS Discovery: Compliance Test","interface-peer-discovery compliance tests","","","","should not fail to stop the service if it was not started",""
"passed","Mon Apr 29 15:14:58 GMT 2024","Mon Apr 29 15:14:58 GMT 2024","0","ENRTree","","","","","ENRTree (root): should parse and verify and DNS root entry",""
"passed","Mon Apr 29 15:14:35 GMT 2024","Mon Apr 29 15:14:35 GMT 2024","0","determinePubsubTopic","","","","","should return the pubsub topic directly if a string is provided",""
"passed","Mon Apr 29 15:14:35 GMT 2024","Mon Apr 29 15:14:35 GMT 2024","0","pubsubTopicToSingleShardInfo with various invalid formats","","","","","should throw an error for non-numeric clusterId: /waku/2/rs/$/1",""
"passed","Mon Apr 29 15:22:17 GMT 2024","Mon Apr 29 15:22:17 GMT 2024","0","Waku Light Push: Single Node","","","","","Push message with content topic containing XML",""
"passed","Mon Apr 29 15:26:06 GMT 2024","Mon Apr 29 15:26:06 GMT 2024","1","Waku Filter V2: Subscribe: Multiple Service Nodes: Strict Check mode: false","","","","","Subscribe to topic containing Chinese and receive message",""
"passed","Mon Apr 29 15:14:35 GMT 2024","Mon Apr 29 15:14:35 GMT 2024","1","contentTopicToPubsubTopic","","","","","should correctly map a content topic to a pubsub topic",""
"passed","Mon Apr 29 15:22:59 GMT 2024","Mon Apr 29 15:22:59 GMT 2024","0","Waku Relay, Publish","","","","","Publish message with custom timestamp: Mon Apr 29 2024 14:22:32 GMT+0000 (Coordinated Universal Time)",""
"passed","Mon Apr 29 15:26:06 GMT 2024","Mon Apr 29 15:26:06 GMT 2024","0","Waku Filter V2: Subscribe: Multiple Service Nodes: Strict Check mode: false","","","","","Subscribe to topic containing unicode special characters and receive message",""
"skipped","Mon Apr 29 15:22:10 GMT 2024","Mon Apr 29 15:22:10 GMT 2024","1","Peer Exchange","","","","","wrong wakuPeerExchangeDiscovery pubsub topic",""
"passed","Mon Apr 29 15:23:14 GMT 2024","Mon Apr 29 15:23:14 GMT 2024","0","Waku Filter V2: FilterPush: Multiple Nodes: Strict Checking: false","","","","","Check message on other pubsub topic is not received",""
"passed","Mon Apr 29 15:20:00 GMT 2024","Mon Apr 29 15:20:00 GMT 2024","1","Waku Light Push (Autosharding): Multiple PubsubTopics","","","","","Subscribe and receive messages on 2 different pubsubtopics",""
"passed","Mon Apr 29 15:25:24 GMT 2024","Mon Apr 29 15:25:24 GMT 2024","0","Waku Store, time filter","","","","","msgTime: -19000 ms from now, startTime: -19000, endTime: -18000",""
"passed","Mon Apr 29 15:22:32 GMT 2024","Mon Apr 29 15:22:32 GMT 2024","0","Waku Relay (Autosharding), multiple pubsub topics","","","","","Nodes with multiple pubsub topic",""
"passed","Mon Apr 29 15:18:12 GMT 2024","Mon Apr 29 15:18:12 GMT 2024","1","getPeers","getPeers with varying maxBootstrapPeers","maxBootstrapPeers=6","","","numPeers=4 -- returns total 4 peers, with max 6 bootstrap peers",""
"passed","Mon Apr 29 15:14:58 GMT 2024","Mon Apr 29 15:14:58 GMT 2024","0","ENRTree","","","","","ENRTree (root): should error if DNS root entry is malformed",""
"passed","Mon Apr 29 15:20:00 GMT 2024","Mon Apr 29 15:20:00 GMT 2024","1","Waku Light Push (named sharding): Multiple PubsubTopics","","","","","Light push messages to 2 nwaku nodes each with different pubsubtopics",""
"passed","Mon Apr 29 15:23:14 GMT 2024","Mon Apr 29 15:23:14 GMT 2024","0","Waku Filter V2: FilterPush: Multiple Nodes: Strict Checking: true","","","","","Check received message with timestamp: 1714403726120 ",""
"passed","Mon Apr 29 15:24:24 GMT 2024","Mon Apr 29 15:24:24 GMT 2024","0","Waku Light Push: Multiple Nodes: Strict Check: true","","","","","Push message with custom timestamp: 1714407492650",""
"passed","Mon Apr 29 15:24:24 GMT 2024","Mon Apr 29 15:24:24 GMT 2024","0","Waku Light Push: Multiple Nodes: Strict Check: true","","","","","Push message with meta",""
"passed","Mon Apr 29 15:24:43 GMT 2024","Mon Apr 29 15:24:43 GMT 2024","0","Waku Store, error handling","","","","","Query Generator, No message returned",""
"passed","Mon Apr 29 15:18:12 GMT 2024","Mon Apr 29 15:18:12 GMT 2024","1","getPeers","getPeers with varying maxBootstrapPeers","maxBootstrapPeers=5","","","numPeers=4 -- returns total 4 peers, with max 5 bootstrap peers",""
"passed","Mon Apr 29 15:16:08 GMT 2024","Mon Apr 29 15:16:08 GMT 2024","0","Public methods","","","","","removeEventListener with correct event",""
"passed","Mon Apr 29 15:22:10 GMT 2024","Mon Apr 29 15:22:10 GMT 2024","1","Peer Exchange","","","","","getPeersByDiscovery",""
"passed","Mon Apr 29 15:18:12 GMT 2024","Mon Apr 29 15:18:12 GMT 2024","0","getPeers","getPeers with varying maxBootstrapPeers","maxBootstrapPeers=4","","","numPeers=0 -- returns all peers including all non-bootstrap with maxBootstrapPeers: 4",""
"passed","Mon Apr 29 15:25:23 GMT 2024","Mon Apr 29 15:25:23 GMT 2024","0","Waku Dial [node only]","Bootstrap","","","","Using a function",""
"passed","Mon Apr 29 15:14:43 GMT 2024","Mon Apr 29 15:14:43 GMT 2024","0","ENR","Location multiaddr","","","","should properly create location multiaddrs - tcp6",""
"passed","Mon Apr 29 15:24:51 GMT 2024","Mon Apr 29 15:24:51 GMT 2024","2","Waku Store, custom pubsub topic","","","","","Generator, custom pubsub topic",""
"passed","Mon Apr 29 15:25:24 GMT 2024","Mon Apr 29 15:25:24 GMT 2024","0","Waku Store, time filter","","","","","msgTime: -19000 ms from now, startTime: -18999, endTime: -18996",""
"passed","Mon Apr 29 15:23:18 GMT 2024","Mon Apr 29 15:23:18 GMT 2024","0","Peer Exchange","Compliance Test","interface-peer-discovery compliance tests","","","should not fail to stop the service if it was not started",""
"passed","Mon Apr 29 15:26:06 GMT 2024","Mon Apr 29 15:26:06 GMT 2024","1","Waku Filter V2: Subscribe: Multiple Service Nodes: Strict Check mode: true","","","","","Subscribe and receive ecies encrypted messages via lightPush",""
"passed","Mon Apr 29 15:19:35 GMT 2024","Mon Apr 29 15:19:35 GMT 2024","0","Waku Filter V2: Subscribe: Single Service Node","","","","","Subscribe and receive messages from multiple nwaku nodes",""
"passed","Mon Apr 29 15:23:13 GMT 2024","Mon Apr 29 15:23:13 GMT 2024","1","Waku Relay, Subscribe","","","","","Subscribe to topic containing Arabic and publish message",""
"passed","Mon Apr 29 15:16:08 GMT 2024","Mon Apr 29 15:16:08 GMT 2024","1","Public methods","","","","","removeEventListener with wrong event",""
"passed","Mon Apr 29 15:23:13 GMT 2024","Mon Apr 29 15:23:13 GMT 2024","0","Waku Relay, Subscribe","","","","","Subscribe and publish 10000 messages on the same topic",""
"passed","Mon Apr 29 15:16:49 GMT 2024","Mon Apr 29 15:16:49 GMT 2024","0","Waku Filter V2: Ping: Multiple Nodes: Strict Checking: true","","","","","Ping on peer without subscriptions",""
"passed","Mon Apr 29 15:19:35 GMT 2024","Mon Apr 29 15:19:35 GMT 2024","10","Waku Filter V2: Subscribe: Single Service Node","","","","","Subscribe to topic containing short and receive message",""
"passed","Mon Apr 29 15:24:07 GMT 2024","Mon Apr 29 15:24:07 GMT 2024","0","Static Sharding: Running Nodes","Different clusters and shards","","","","random static sharding 7 - Cluster ID: 597, Shard ID: 82",""
"passed","Mon Apr 29 15:14:35 GMT 2024","Mon Apr 29 15:14:35 GMT 2024","0","shardInfoToPubsubTopics","","","","","should throw an error for missing required configuration",""
"passed","Mon Apr 29 15:18:12 GMT 2024","Mon Apr 29 15:18:12 GMT 2024","0","getPeers","getPeers with varying maxBootstrapPeers","maxBootstrapPeers=4","","","numPeers=1 -- returns one bootstrap peer ",""
"passed","Mon Apr 29 15:23:14 GMT 2024","Mon Apr 29 15:23:14 GMT 2024","0","Waku Filter V2: FilterPush: Multiple Nodes: Strict Checking: false","","","","","Check received message containing escaped characters",""
"passed","Mon Apr 29 15:16:49 GMT 2024","Mon Apr 29 15:16:49 GMT 2024","1","Waku Filter V2: Ping: Multiple Nodes: Strict Checking: true","","","","","Ping on subscribed peer",""
"passed","Mon Apr 29 15:20:05 GMT 2024","Mon Apr 29 15:20:05 GMT 2024","1","multiaddr: dialing","does not attempt the same peer discovered multiple times more than once","","","","through manual discovery",""
"passed","Mon Apr 29 15:18:31 GMT 2024","Mon Apr 29 15:18:31 GMT 2024","0","Waku Filter V2: FilterPush","","","","","Check received message containing escaped characters",""
"passed","Mon Apr 29 15:18:31 GMT 2024","Mon Apr 29 15:18:31 GMT 2024","1","Waku Filter V2: FilterPush","","","","","Check received message containing unicode special characters",""
"passed","Mon Apr 29 15:23:13 GMT 2024","Mon Apr 29 15:23:13 GMT 2024","0","Waku Relay, Subscribe","","","","","Mutual subscription",""
"passed","Mon Apr 29 15:23:18 GMT 2024","Mon Apr 29 15:23:18 GMT 2024","0","Peer Exchange","Compliance Test","interface-peer-discovery compliance tests","","","should not receive a peer event after stop",""
"passed","Mon Apr 29 15:22:59 GMT 2024","Mon Apr 29 15:22:59 GMT 2024","0","Waku Relay, Publish","","","","","Check publish message containing Russian",""
"passed","Mon Apr 29 15:23:14 GMT 2024","Mon Apr 29 15:23:14 GMT 2024","0","Waku Filter V2: FilterPush: Multiple Nodes: Strict Checking: false","","","","","Check received message containing Script",""
"passed","Mon Apr 29 15:24:43 GMT 2024","Mon Apr 29 15:24:43 GMT 2024","0","Waku Store, error handling","","","","","Query with Ordered Callback, Multiple PubsubTopics",""
"passed","Mon Apr 29 15:18:12 GMT 2024","Mon Apr 29 15:18:12 GMT 2024","0","getPeers","getPeers with varying maxBootstrapPeers","maxBootstrapPeers=1","","","numPeers=3 -- returns total 3 peers, with max 1 bootstrap peers",""
"passed","Mon Apr 29 15:24:24 GMT 2024","Mon Apr 29 15:24:24 GMT 2024","1","Waku Light Push: Multiple Nodes: Strict Check: true","","","","","Push message with content topic containing unicode special characters",""
"passed","Mon Apr 29 15:16:42 GMT 2024","Mon Apr 29 15:16:42 GMT 2024","1","Waku Filter V2 (Autosharding): Multiple PubsubTopics","","","","","Subscribe and receive messages on autosharded pubsubtopic",""
"passed","Mon Apr 29 15:23:14 GMT 2024","Mon Apr 29 15:23:14 GMT 2024","0","Waku Filter V2: FilterPush: Multiple Nodes: Strict Checking: false","","","","","Check received message containing XML",""
"passed","Mon Apr 29 15:14:58 GMT 2024","Mon Apr 29 15:14:58 GMT 2024","0","ENRTree","","","","","ENRTree (tree): should error if DNS tree entry is misformatted",""
"passed","Mon Apr 29 15:14:35 GMT 2024","Mon Apr 29 15:14:35 GMT 2024","0","contentTopicToShardIndex","","","","","should correctly map /app/20/sometopic/someencoding to shard index 15 with networkShards 16",""
"passed","Mon Apr 29 15:23:14 GMT 2024","Mon Apr 29 15:23:14 GMT 2024","0","Waku Filter V2: FilterPush: Multiple Nodes: Strict Checking: true","","","","","Check message with invalid timestamp is not received",""
"passed","Mon Apr 29 15:22:14 GMT 2024","Mon Apr 29 15:22:14 GMT 2024","0","Waku Relay","","","","","Delete observer",""
"passed","Mon Apr 29 15:25:34 GMT 2024","Mon Apr 29 15:25:34 GMT 2024","1","Wait for remote peer","","","","","Relay - times out",""
"passed","Mon Apr 29 15:26:06 GMT 2024","Mon Apr 29 15:26:06 GMT 2024","0","Waku Filter V2: Subscribe: Multiple Service Nodes: Strict Check mode: true","","","","","Subscribe to 100 topics (new limit) at once and receives messages",""
"passed","Mon Apr 29 15:18:31 GMT 2024","Mon Apr 29 15:18:31 GMT 2024","0","Waku Filter V2: FilterPush","","","","","Check received message containing emoji",""
"passed","Mon Apr 29 15:14:43 GMT 2024","Mon Apr 29 15:14:43 GMT 2024","0","ENR","Static tests","","","","should encode/decode to RLP encoding",""
"passed","Mon Apr 29 15:22:17 GMT 2024","Mon Apr 29 15:22:17 GMT 2024","0","Waku Light Push: Single Node","","","","","Push message with special chars payload",""
