"DESCRIPTION","DURATION IN MS","NAME","PARENT SUITE","START TIME","STATUS","STOP TIME","SUB SUITE","SUITE","TEST CLASS","TEST METHOD"
"","0","LightPush","Wait for remote peer","Tue Jun 03 19:05:25 GMT 2025","passed","Tue Jun 03 19:05:25 GMT 2025","","","",""
"","1","messageHashStr returns the same value as bytesToHex(messageHash)","messageHash and messageHashStr","Tue Jun 03 18:55:36 GMT 2025","passed","Tue Jun 03 18:55:36 GMT 2025","","","",""
"","0","Ordered Callback sorting by timestamp while page direction is false","Waku Store, sorting","Tue Jun 03 19:05:08 GMT 2025","passed","Tue Jun 03 19:05:08 GMT 2025","","","",""
"","1","Ordered Callback - false","Waku Store, order","Tue Jun 03 19:04:55 GMT 2025","passed","Tue Jun 03 19:04:55 GMT 2025","","","",""
"","1","Unsubscribe topics the node is not subscribed to","Waku Filter Next: Unsubscribe: Multiple Nodes: Strict Checking: true","Tue Jun 03 18:58:45 GMT 2025","passed","Tue Jun 03 18:58:45 GMT 2025","","","",""
"","0","should reject if LightPush is requested but not mounted","waitForRemotePeer","Tue Jun 03 18:56:06 GMT 2025","passed","Tue Jun 03 18:56:06 GMT 2025","","","",""
"","0","getPeersByDiscovery","Public methods","Tue Jun 03 18:57:13 GMT 2025","passed","Tue Jun 03 18:57:13 GMT 2025","","","",""
"","0","Refresh subscription","Waku Filter V2: Subscribe: Multiple Service Nodes: Strict Check mode: false","Tue Jun 03 19:05:42 GMT 2025","passed","Tue Jun 03 19:05:42 GMT 2025","","","",""
"","0","Subscribe to topic containing Chinese and receive message","Waku Filter V2: Subscribe: Multiple Service Nodes: Strict Check mode: false","Tue Jun 03 19:05:42 GMT 2025","passed","Tue Jun 03 19:05:42 GMT 2025","","","",""
"","1","should not allow unachievable error rate","Probabilities","Tue Jun 03 18:56:15 GMT 2025","passed","Tue Jun 03 18:56:15 GMT 2025","","","",""
"","0","should initialize with default number of peers","PeerManager","Tue Jun 03 18:56:05 GMT 2025","passed","Tue Jun 03 18:56:05 GMT 2025","","","",""
"","1","should reject if Relay is requested but not mounted","waitForRemotePeer","Tue Jun 03 18:56:06 GMT 2025","passed","Tue Jun 03 18:56:06 GMT 2025","","","",""
"","0","Throws when trying to push message with empty payload","Waku Light Push: Multiple Nodes: Strict Check: false","Tue Jun 03 19:08:54 GMT 2025","passed","Tue Jun 03 19:08:54 GMT 2025","","","",""
"","1","should not receive a peer event before start","Peer Exchange","Tue Jun 03 19:00:35 GMT 2025","passed","Tue Jun 03 19:00:35 GMT 2025","interface-peer-discovery compliance tests","Compliance Test","",""
"","1","Subscribe to topic containing Chinese and publish message","Waku Relay, Subscribe","Tue Jun 03 19:02:06 GMT 2025","passed","Tue Jun 03 19:02:06 GMT 2025","","","",""
"","0","should use provided shard info when available","IWaku utils","Tue Jun 03 18:56:06 GMT 2025","passed","Tue Jun 03 18:56:06 GMT 2025","","decoderParamsToShardInfo","",""
"","0","Subscribe to topic containing Russian and receive message","Waku Filter Next: Subscribe: Multiple Service Nodes: Strict Check mode: true","Tue Jun 03 19:05:09 GMT 2025","passed","Tue Jun 03 19:05:09 GMT 2025","","","",""
"","0","should return false","ENR","Tue Jun 03 18:55:28 GMT 2025","passed","Tue Jun 03 18:55:28 GMT 2025","","Verify","",""
"","6","Waku message hash computation (no timestamp)","Message Hash: RFC Test Vectors","Tue Jun 03 18:55:36 GMT 2025","passed","Tue Jun 03 18:55:36 GMT 2025","","","",""
"","1","ENRTree (root): should error if DNS root entry signature is invalid","ENRTree","Tue Jun 03 18:55:44 GMT 2025","passed","Tue Jun 03 18:55:44 GMT 2025","","","",""
"","0","Check received message containing Basic HTML tag","Waku Filter V2: FilterPush: Multiple Nodes: Strict Checking: false","Tue Jun 03 19:03:29 GMT 2025","passed","Tue Jun 03 19:03:29 GMT 2025","","","",""
"","1","should emit `peer:connected:bootstrap` event when a peer is connected","Events","Tue Jun 03 18:56:33 GMT 2025","passed","Tue Jun 03 18:56:33 GMT 2025","","peer:connect","",""
"","0","Ping on unsubscribed peer","Waku Filter V2: Ping: Multiple Nodes: Strict Checking: true","Tue Jun 03 18:57:39 GMT 2025","passed","Tue Jun 03 18:57:39 GMT 2025","","","",""
"","1","can query messages normally","Waku Store, message hash query","Tue Jun 03 19:04:36 GMT 2025","passed","Tue Jun 03 19:04:36 GMT 2025","","","",""
"","0","should correctly map /toychat/2/huilong/proto to shard index 3","contentTopicToShardIndex","Tue Jun 03 18:55:21 GMT 2025","passed","Tue Jun 03 18:55:21 GMT 2025","","","",""
"","0","Subscribe and receive messages via lightPush","Waku Filter V2: Subscribe: Multiple Service Nodes: Strict Check mode: true","Tue Jun 03 19:05:42 GMT 2025","passed","Tue Jun 03 19:05:42 GMT 2025","","","",""
"","0","Relay + Store","ENR Interop: ServiceNode","Tue Jun 03 18:56:37 GMT 2025","passed","Tue Jun 03 18:56:37 GMT 2025","","","",""
"","1","should handle corrupted local storage data gracefully","Local Storage Discovery","Tue Jun 03 18:55:48 GMT 2025","passed","Tue Jun 03 18:55:48 GMT 2025","","Unit Tests","",""
"","0","Subscribe at once to 10000 topics and publish messages","Waku Relay, Subscribe","Tue Jun 03 19:02:06 GMT 2025","passed","Tue Jun 03 19:02:06 GMT 2025","","","",""
"","0","should throw an error for non-numeric shard: /waku/2/rs/1/","pubsubTopicToSingleShardInfo with various invalid formats","Tue Jun 03 18:55:21 GMT 2025","passed","Tue Jun 03 18:55:21 GMT 2025","","","",""
"","0","should not fail to stop the service if it was not started","Local Storage Discovery","Tue Jun 03 18:55:48 GMT 2025","passed","Tue Jun 03 18:55:48 GMT 2025","interface-peer-discovery compliance tests","Compliance Tests","",""
"","0","should hash """" with n=1 and maxValue=1000 correctly","hashN","Tue Jun 03 18:56:15 GMT 2025","passed","Tue Jun 03 18:56:15 GMT 2025","","","",""
"","0","Check received message with timestamp: 1748976992421000000 ","Waku Filter Next: FilterPush: Multiple Nodes: Strict Checking: false","Tue Jun 03 19:04:05 GMT 2025","passed","Tue Jun 03 19:04:05 GMT 2025","","","",""
"","0","should throw an error for invalid PubsubTopic format: /waku/2/rs/1/2/extra","pubsubTopicToSingleShardInfo with various invalid formats","Tue Jun 03 18:55:21 GMT 2025","passed","Tue Jun 03 18:55:21 GMT 2025","","","",""
"","0","uses static shard pubsub topic instead of autosharding when set","Sets sharding configuration correctly","Tue Jun 03 18:55:37 GMT 2025","passed","Tue Jun 03 18:55:37 GMT 2025","","","",""
"","0","Subscribe to topic containing XML and receive message","Waku Filter Next: Subscribe: Multiple Service Nodes: Strict Check mode: true","Tue Jun 03 19:05:09 GMT 2025","passed","Tue Jun 03 19:05:09 GMT 2025","","","",""
"","1","Encoder throws on empty string content topic","Ensures content topic is defined","Tue Jun 03 18:55:55 GMT 2025","passed","Tue Jun 03 18:55:55 GMT 2025","","","",""
"","1","connected peers and dial","Peer Exchange Query","Tue Jun 03 19:01:31 GMT 2025","skipped","Tue Jun 03 19:01:31 GMT 2025","","","",""
"","0","Check publish message containing Russian","Waku Relay, Publish","Tue Jun 03 19:01:56 GMT 2025","passed","Tue Jun 03 19:01:56 GMT 2025","","","",""
"","0","Subscribe to topic containing long and receive message","Waku Filter Next: Subscribe: Multiple Service Nodes: Strict Check mode: false","Tue Jun 03 19:05:09 GMT 2025","passed","Tue Jun 03 19:05:09 GMT 2025","","","",""
"","0","can dial TLS multiaddrs","multiaddr: dialing","Tue Jun 03 18:59:58 GMT 2025","passed","Tue Jun 03 18:59:58 GMT 2025","","","",""
"","2","Ephemeral field is preserved - symmetric encryption","Waku Message Ephemeral field","Tue Jun 03 18:56:40 GMT 2025","passed","Tue Jun 03 18:56:40 GMT 2025","","","",""
"","13","should hash ""test123"" with n=0 and maxValue=1000 correctly","hashN","Tue Jun 03 18:56:15 GMT 2025","passed","Tue Jun 03 18:56:15 GMT 2025","","","",""
"","0","Push message with content topic containing Russian","Waku Light Push: Multiple Nodes: Strict Check: false","Tue Jun 03 19:08:54 GMT 2025","passed","Tue Jun 03 19:08:54 GMT 2025","","","",""
"","0","should not be added to outgoing buffer, bloom filter, or local log","MessageChannel","Tue Jun 03 18:56:16 GMT 2025","passed","Tue Jun 03 18:56:16 GMT 2025","","Sync messages","",""
"","0","should use DNS peer discovery with light client","DNS Node Discovery [live data]","Tue Jun 03 18:56:37 GMT 2025","skipped","Tue Jun 03 18:56:37 GMT 2025","","","",""
"","0","should be able to encode the field with RELAY and FILTER protocols set to true","ENR waku2 codec","Tue Jun 03 18:55:27 GMT 2025","passed","Tue Jun 03 18:55:27 GMT 2025","","Encoding","",""
"","1","should throw an error for non-numeric shard: /waku/2/rs/1/$","pubsubTopicToSingleShardInfo with various invalid formats","Tue Jun 03 18:55:21 GMT 2025","passed","Tue Jun 03 18:55:21 GMT 2025","","","",""
"","0","Check message with no content topic is not received","Waku Filter Next: FilterPush: Multiple Nodes: Strict Checking: false","Tue Jun 03 19:04:05 GMT 2025","passed","Tue Jun 03 19:04:05 GMT 2025","","","",""
"","1","Push message with escaped characters payload","Waku Light Push: Multiple Nodes: Strict Check: false","Tue Jun 03 19:08:54 GMT 2025","passed","Tue Jun 03 19:08:54 GMT 2025","","","",""
"","1","Push message with content topic containing emoji","Waku Light Push: Multiple Nodes: Strict Check: false","Tue Jun 03 19:08:54 GMT 2025","passed","Tue Jun 03 19:08:54 GMT 2025","","","",""
"","0","should throw an error for missing required configuration","shardInfoToPubsubTopics","Tue Jun 03 18:55:21 GMT 2025","passed","Tue Jun 03 18:55:21 GMT 2025","","","",""
"","1","Check message with no content topic is not received","Waku Filter Next: FilterPush: Multiple Nodes: Strict Checking: true","Tue Jun 03 19:04:05 GMT 2025","passed","Tue Jun 03 19:04:05 GMT 2025","","","",""
"","0","should decode valid ENR with multiaddrs successfully [shared test vector]","ENR","Tue Jun 03 18:55:28 GMT 2025","passed","Tue Jun 03 18:55:28 GMT 2025","","Txt codec","",""
"","0","Encoder throws on undefined content topic","Ensures content topic is defined","Tue Jun 03 18:55:55 GMT 2025","passed","Tue Jun 03 18:55:55 GMT 2025","","","",""
"","0","Check received message with timestamp: 1649153314 ","Waku Filter V2: FilterPush: Multiple Nodes: Strict Checking: false","Tue Jun 03 19:03:29 GMT 2025","passed","Tue Jun 03 19:03:29 GMT 2025","","","",""
"","1","A test","This","Tue Jun 03 18:59:46 GMT 2025","passed","Tue Jun 03 18:59:46 GMT 2025","","Is","",""
"","0","Push message with content topic containing numeric","Waku Light Push: Multiple Nodes: Strict Check: true","Tue Jun 03 19:08:54 GMT 2025","passed","Tue Jun 03 19:08:54 GMT 2025","","","",""
"","0","should correctly map /statusim/1/community/cbor to shard index 4","contentTopicToShardIndex","Tue Jun 03 18:55:21 GMT 2025","passed","Tue Jun 03 18:55:21 GMT 2025","","","",""
"","1","should properly create peer info with all multiaddrs","ENR","Tue Jun 03 18:55:28 GMT 2025","passed","Tue Jun 03 18:55:28 GMT 2025","","Location multiaddr","",""
"","0","Check meta is set [symmetric]","Symmetric Encryption","Tue Jun 03 18:55:55 GMT 2025","passed","Tue Jun 03 18:55:55 GMT 2025","","","",""
"","0","should encode/decode to RLP encoding","ENR","Tue Jun 03 18:55:28 GMT 2025","passed","Tue Jun 03 18:55:28 GMT 2025","","Static tests","",""
"","1","should hash ""hello"" with n=5 and maxValue=1000 correctly","hashN","Tue Jun 03 18:56:15 GMT 2025","passed","Tue Jun 03 18:56:15 GMT 2025","","","",""
"","2","Subscribe and receive messages via waku relay post","Waku Filter Next: Subscribe: Multiple Service Nodes: Strict Check mode: false","Tue Jun 03 19:05:09 GMT 2025","passed","Tue Jun 03 19:05:09 GMT 2025","","","",""
"","0","Check message on other pubsub topic is not received","Waku Filter Next: FilterPush: Multiple Nodes: Strict Checking: false","Tue Jun 03 19:04:05 GMT 2025","passed","Tue Jun 03 19:04:05 GMT 2025","","","",""
"","1","Publish message with large meta","Waku Relay, Publish","Tue Jun 03 19:01:56 GMT 2025","passed","Tue Jun 03 19:01:56 GMT 2025","","","",""
"","0","Check received message containing Russian","Waku Filter V2: FilterPush: Multiple Nodes: Strict Checking: false","Tue Jun 03 19:03:29 GMT 2025","passed","Tue Jun 03 19:03:29 GMT 2025","","","",""
"","0","should correctly map a content topic to a pubsub topic for different network shard sizes","contentTopicToPubsubTopic","Tue Jun 03 18:55:21 GMT 2025","passed","Tue Jun 03 18:55:21 GMT 2025","","","",""
"","0","Check received message containing Chinese","Waku Filter Next: FilterPush: Multiple Nodes: Strict Checking: true","Tue Jun 03 19:04:05 GMT 2025","passed","Tue Jun 03 19:04:05 GMT 2025","","","",""
"","0","Subscribe to topic containing Arabic and receive message","Waku Filter Next: Subscribe: Multiple Service Nodes: Strict Check mode: false","Tue Jun 03 19:05:09 GMT 2025","passed","Tue Jun 03 19:05:09 GMT 2025","","","",""
"","0","Push message with custom timestamp: 1718218725337","Waku Light Push: Multiple Nodes: Strict Check: false","Tue Jun 03 19:08:54 GMT 2025","passed","Tue Jun 03 19:08:54 GMT 2025","","","",""
"","1","should check false positive rate","BloomFilter with special patterns","Tue Jun 03 18:56:17 GMT 2025","passed","Tue Jun 03 18:56:17 GMT 2025","","","",""
"","0","Generator, with asymmetric & symmetric encrypted messages","Waku Store, general","Tue Jun 03 19:05:02 GMT 2025","passed","Tue Jun 03 19:05:02 GMT 2025","","","",""
"","0","Check publish message containing unicode special characters","Waku Relay, Publish","Tue Jun 03 19:01:56 GMT 2025","passed","Tue Jun 03 19:01:56 GMT 2025","","","",""
"","0","Subscribe to topic containing special chars and receive message","Waku Filter V2: Subscribe: Multiple Service Nodes: Strict Check mode: false","Tue Jun 03 19:05:42 GMT 2025","passed","Tue Jun 03 19:05:42 GMT 2025","","","",""
"","0","should wait for Filter peer to be connected","waitForRemotePeer","Tue Jun 03 18:56:06 GMT 2025","passed","Tue Jun 03 18:56:06 GMT 2025","","","",""
"","0","Subscribe and receive symmetrically encrypted messages via lightPush","Waku Filter V2: Subscribe: Multiple Service Nodes: Strict Check mode: true","Tue Jun 03 19:05:42 GMT 2025","passed","Tue Jun 03 19:05:42 GMT 2025","","","",""
"","1","should be able to encode the field with STORE and LIGHTPUSH protocols set to true","ENR waku2 codec","Tue Jun 03 18:55:27 GMT 2025","passed","Tue Jun 03 18:55:27 GMT 2025","","Encoding","",""
"","0","Push message with content topic containing Arabic","Waku Light Push: Multiple Nodes: Strict Check: false","Tue Jun 03 19:08:54 GMT 2025","passed","Tue Jun 03 19:08:54 GMT 2025","","","",""
"","1","should hash ""!@#$%^&*()"" with n=0 and maxValue=1000 correctly","hashN","Tue Jun 03 18:56:15 GMT 2025","passed","Tue Jun 03 18:56:15 GMT 2025","","","",""
"","0","Check received message with timestamp: 1748976992355 ","Waku Filter V2: FilterPush: Multiple Nodes: Strict Checking: false","Tue Jun 03 19:03:29 GMT 2025","passed","Tue Jun 03 19:03:29 GMT 2025","","","",""
"","0","Generator, custom pubsub topic","Waku Store (Autosharding), custom pubsub topic","Tue Jun 03 19:04:47 GMT 2025","skipped","Tue Jun 03 19:04:47 GMT 2025","","","",""
"","1","should not fail to start the service if it is already started","DNS Discovery: Compliance Test","Tue Jun 03 18:56:37 GMT 2025","passed","Tue Jun 03 18:56:37 GMT 2025","","interface-peer-discovery compliance tests","",""
"","0","Check message with no payload is not received","Waku Filter V2: FilterPush: Multiple Nodes: Strict Checking: false","Tue Jun 03 19:03:29 GMT 2025","passed","Tue Jun 03 19:03:29 GMT 2025","","","",""
"","1","Check received message with timestamp: 1748976992421 ","Waku Filter Next: FilterPush: Multiple Nodes: Strict Checking: false","Tue Jun 03 19:04:05 GMT 2025","passed","Tue Jun 03 19:04:05 GMT 2025","","","",""
"","0","should return empty list for no shard","shardInfoToPubsubTopics","Tue Jun 03 18:55:21 GMT 2025","passed","Tue Jun 03 18:55:21 GMT 2025","","","",""
"","1","Push message with short payload","Waku Light Push: Multiple Nodes: Strict Check: false","Tue Jun 03 19:08:54 GMT 2025","passed","Tue Jun 03 19:08:54 GMT 2025","","","",""
"","0","ENRTree (tree): should error if DNS tree entry is mis-prefixed","ENRTree","Tue Jun 03 18:55:44 GMT 2025","passed","Tue Jun 03 18:55:44 GMT 2025","","","",""
"","1","Check publish message containing escaped characters","Waku Relay, Publish","Tue Jun 03 19:01:56 GMT 2025","passed","Tue Jun 03 19:01:56 GMT 2025","","","",""
"","1","Relay - dialed after","Wait for remote peer","Tue Jun 03 19:05:25 GMT 2025","passed","Tue Jun 03 19:05:25 GMT 2025","","","",""
"","0","rejects hash query with time filter","StoreQueryRequest validation","Tue Jun 03 18:55:36 GMT 2025","passed","Tue Jun 03 18:55:36 GMT 2025","","","",""
"","0","should throw an error for non-numeric shard: /waku/2/rs/1/-","pubsubTopicToSingleShardInfo with various invalid formats","Tue Jun 03 18:55:21 GMT 2025","passed","Tue Jun 03 18:55:21 GMT 2025","","","",""
"","1","Query Generator, Wrong PubsubTopic","Waku Store, error handling","Tue Jun 03 19:04:33 GMT 2025","passed","Tue Jun 03 19:04:33 GMT 2025","","","",""
"","1","random static sharding 7 - Cluster ID: 20, Shard ID: 248","Static Sharding: Running Nodes","Tue Jun 03 19:05:47 GMT 2025","passed","Tue Jun 03 19:05:47 GMT 2025","","","",""
"","1","Check publish message containing Arabic","Waku Relay, Publish","Tue Jun 03 19:01:56 GMT 2025","passed","Tue Jun 03 19:01:56 GMT 2025","","","",""
"","0","Push message with SQL Injection payload","Waku Light Push: Multiple Nodes: Strict Check: false","Tue Jun 03 19:08:54 GMT 2025","passed","Tue Jun 03 19:08:54 GMT 2025","","","",""
"","0","Subscribe to topic containing shell command and receive message","Waku Filter Next: Subscribe: Multiple Service Nodes: Strict Check mode: true","Tue Jun 03 19:05:09 GMT 2025","passed","Tue Jun 03 19:05:09 GMT 2025","","","",""
"","0","Ephemeral field set to true","Waku Message version 0","Tue Jun 03 18:55:37 GMT 2025","passed","Tue Jun 03 18:55:37 GMT 2025","","","",""
"","0","Add multiple subscription objects on single nwaku node","Waku Filter V2: Subscribe: Multiple Service Nodes: Strict Check mode: true","Tue Jun 03 19:05:42 GMT 2025","passed","Tue Jun 03 19:05:42 GMT 2025","","","",""
"","0","ENRTree (root): should error if DNS root entry is malformed","ENRTree","Tue Jun 03 18:55:44 GMT 2025","passed","Tue Jun 03 18:55:44 GMT 2025","","","",""
"","0","Subscribe to topic containing Arabic and receive message","Waku Filter V2: Subscribe: Multiple Service Nodes: Strict Check mode: true","Tue Jun 03 19:05:42 GMT 2025","passed","Tue Jun 03 19:05:42 GMT 2025","","","",""
"","1","handles different networkShards values correctly","contentTopicsByPubsubTopic","Tue Jun 03 18:55:21 GMT 2025","passed","Tue Jun 03 18:55:21 GMT 2025","","","",""
"","1","can start and stop the service","Local Storage Discovery","Tue Jun 03 18:55:48 GMT 2025","passed","Tue Jun 03 18:55:48 GMT 2025","interface-peer-discovery compliance tests","Compliance Tests","",""
"","0","Push message with rate limit","Waku Light Push: Multiple Nodes: Strict Check: true","Tue Jun 03 19:08:54 GMT 2025","passed","Tue Jun 03 19:08:54 GMT 2025","","","",""
"","1","Renews subscription after lossing a connection","Waku Filter V2: Subscribe: Multiple Service Nodes: Strict Check mode: true","Tue Jun 03 19:05:42 GMT 2025","passed","Tue Jun 03 19:05:42 GMT 2025","","","",""
"","0","Check received message with timestamp: 1949153314000 ","Waku Filter Next: FilterPush: Multiple Nodes: Strict Checking: true","Tue Jun 03 19:04:05 GMT 2025","passed","Tue Jun 03 19:04:05 GMT 2025","","","",""
"","0","Push message with Script payload","Waku Light Push: Multiple Nodes: Strict Check: true","Tue Jun 03 19:08:54 GMT 2025","passed","Tue Jun 03 19:08:54 GMT 2025","","","",""
"","1","Push message with content topic containing numeric","Waku Light Push: Multiple Nodes: Strict Check: false","Tue Jun 03 19:08:54 GMT 2025","passed","Tue Jun 03 19:08:54 GMT 2025","","","",""
"","0","should be able to encode the field with ALL protocols set to true","ENR waku2 codec","Tue Jun 03 18:55:27 GMT 2025","passed","Tue Jun 03 18:55:27 GMT 2025","","Encoding","",""
"","0","Check message on other pubsub topic is not received","Waku Filter Next: FilterPush: Multiple Nodes: Strict Checking: true","Tue Jun 03 19:04:05 GMT 2025","passed","Tue Jun 03 19:04:05 GMT 2025","","","",""
"","1","Subscribe and receive 2 messages on the same topic","Waku Filter Next: Subscribe: Multiple Service Nodes: Strict Check mode: true","Tue Jun 03 19:05:09 GMT 2025","passed","Tue Jun 03 19:05:09 GMT 2025","","","",""
"","0","Check publish message containing numeric","Waku Relay, Publish","Tue Jun 03 19:01:56 GMT 2025","passed","Tue Jun 03 19:01:56 GMT 2025","","","",""
"","0","Check received message containing Chinese","Waku Filter Next: FilterPush: Multiple Nodes: Strict Checking: false","Tue Jun 03 19:04:05 GMT 2025","passed","Tue Jun 03 19:04:05 GMT 2025","","","",""
"","0","should set field with only LIGHTPUSH enabled","ENR","Tue Jun 03 18:55:28 GMT 2025","passed","Tue Jun 03 18:55:28 GMT 2025","","waku2 key round trip","",""
"","1","should retrieve 3 multiaddrs for sandbox.waku.nodes.status.im","DNS Node Discovery [live data]","Tue Jun 03 18:55:45 GMT 2025","skipped","Tue Jun 03 18:55:45 GMT 2025","","","",""
"","6","should hash ""test123"" with n=5 and maxValue=1000 correctly","hashN","Tue Jun 03 18:56:15 GMT 2025","passed","Tue Jun 03 18:56:15 GMT 2025","","","",""
"","0","rejects content-filtered query with only pubsubTopic","StoreQueryRequest validation","Tue Jun 03 18:55:36 GMT 2025","passed","Tue Jun 03 18:55:36 GMT 2025","","","",""
"","0","Check publish message containing XML","Waku Relay, Publish","Tue Jun 03 19:01:56 GMT 2025","passed","Tue Jun 03 19:01:56 GMT 2025","","","",""
"","0","Push message with content topic containing Basic HTML tag","Waku Light Push: Multiple Nodes: Strict Check: false","Tue Jun 03 19:08:54 GMT 2025","passed","Tue Jun 03 19:08:54 GMT 2025","","","",""
"","0","should derive a pubsub topic using contentTopic when SingleShardInfo only contains clusterId","determinePubsubTopic","Tue Jun 03 18:55:21 GMT 2025","passed","Tue Jun 03 18:55:21 GMT 2025","","","",""
"","0","Subscribe and receive ecies encrypted messages via lightPush","Waku Filter V2: Subscribe: Multiple Service Nodes: Strict Check mode: false","Tue Jun 03 19:05:42 GMT 2025","passed","Tue Jun 03 19:05:42 GMT 2025","","","",""
"","0","should throw an error for invalid PubsubTopic format: /incorrect/format","pubsubTopicToSingleShardInfo with various invalid formats","Tue Jun 03 18:55:21 GMT 2025","passed","Tue Jun 03 18:55:21 GMT 2025","","","",""
"","1","accepts valid content-filtered query","StoreQueryRequest validation","Tue Jun 03 18:55:36 GMT 2025","passed","Tue Jun 03 18:55:36 GMT 2025","","","",""
"","0","Subscribe to topic containing Russian and receive message","Waku Filter Next: Subscribe: Multiple Service Nodes: Strict Check mode: false","Tue Jun 03 19:05:09 GMT 2025","passed","Tue Jun 03 19:05:09 GMT 2025","","","",""
"","0","Check received message containing special chars","Waku Filter Next: FilterPush: Multiple Nodes: Strict Checking: true","Tue Jun 03 19:04:05 GMT 2025","passed","Tue Jun 03 19:04:05 GMT 2025","","","",""
"","0","should hash ""Lorem ipsum dolor sit amet"" with n=0 and maxValue=1000 correctly","hashN","Tue Jun 03 18:56:15 GMT 2025","passed","Tue Jun 03 18:56:15 GMT 2025","","","",""
"","0","Push message with special chars payload","Waku Light Push: Multiple Nodes: Strict Check: true","Tue Jun 03 19:08:54 GMT 2025","passed","Tue Jun 03 19:08:54 GMT 2025","","","",""
"","1","should hash """" with n=2 and maxValue=10000 correctly","hashN","Tue Jun 03 18:56:15 GMT 2025","passed","Tue Jun 03 18:56:15 GMT 2025","","","",""
"","1","should process tasks in queue","RetryManager","Tue Jun 03 18:56:05 GMT 2025","passed","Tue Jun 03 18:56:05 GMT 2025","","","",""
"","0","Check received message containing XML","Waku Filter Next: FilterPush: Multiple Nodes: Strict Checking: true","Tue Jun 03 19:04:05 GMT 2025","passed","Tue Jun 03 19:04:05 GMT 2025","","","",""
"","0","should correctly map a content topic to a pubsub topic","contentTopicToPubsubTopic","Tue Jun 03 18:55:21 GMT 2025","passed","Tue Jun 03 18:55:21 GMT 2025","","","",""
"","1","should be sent with empty content","MessageChannel","Tue Jun 03 18:56:16 GMT 2025","passed","Tue Jun 03 18:56:16 GMT 2025","","Sync messages","",""
"","7","Subscribe and receives messages on 20 topics","Waku Filter Next: Subscribe: Multiple Service Nodes: Strict Check mode: true","Tue Jun 03 19:05:09 GMT 2025","passed","Tue Jun 03 19:05:09 GMT 2025","","","",""
"","0","should emit `waku:offline` event only when all peers disconnect","Connection state","Tue Jun 03 18:56:51 GMT 2025","passed","Tue Jun 03 18:56:51 GMT 2025","","","",""
"","0","Push message with XML payload","Waku Light Push: Multiple Nodes: Strict Check: true","Tue Jun 03 19:08:54 GMT 2025","passed","Tue Jun 03 19:08:54 GMT 2025","","","",""
"","1","n1 and n2 uses a custom pubsub, n3 uses the default pubsub","Waku Relay, multiple pubsub topics","Tue Jun 03 19:01:48 GMT 2025","passed","Tue Jun 03 19:01:48 GMT 2025","","","",""
"","1","Ping on unsubscribed peer","Waku Filter V2: Ping: Multiple Nodes: Strict Checking: false","Tue Jun 03 18:57:39 GMT 2025","passed","Tue Jun 03 18:57:39 GMT 2025","","","",""
"","1","ENRTree (branch): should error if DNS branch entry is mis-prefixed","ENRTree","Tue Jun 03 18:55:44 GMT 2025","passed","Tue Jun 03 18:55:44 GMT 2025","","","",""
"","0","should initialize with custom number of peers","PeerManager","Tue Jun 03 18:56:05 GMT 2025","passed","Tue Jun 03 18:56:05 GMT 2025","","","",""
"","1","Correctly serialized arguments","nwaku","Tue Jun 03 18:59:58 GMT 2025","passed","Tue Jun 03 18:59:58 GMT 2025","","","",""
"","0","Push message with Script payload","Waku Light Push: Multiple Nodes: Strict Check: false","Tue Jun 03 19:08:54 GMT 2025","passed","Tue Jun 03 19:08:54 GMT 2025","","","",""
"","0","random static sharding 8 - Cluster ID: 782, Shard ID: 791","Static Sharding: Running Nodes","Tue Jun 03 19:05:47 GMT 2025","passed","Tue Jun 03 19:05:47 GMT 2025","","","",""
"","0","handles empty contentTopics array correctly","ensureShardingConfigured","Tue Jun 03 18:55:21 GMT 2025","passed","Tue Jun 03 18:55:21 GMT 2025","","","",""
"","1","listenerCount","Public methods","Tue Jun 03 18:57:13 GMT 2025","passed","Tue Jun 03 18:57:13 GMT 2025","","","",""
"","0","Fails to push message with large meta","Waku Light Push: Multiple Nodes: Strict Check: false","Tue Jun 03 19:08:54 GMT 2025","passed","Tue Jun 03 19:08:54 GMT 2025","","","",""
"","0","Light Node - default protocols","Wait for remote peer","Tue Jun 03 19:05:25 GMT 2025","passed","Tue Jun 03 19:05:25 GMT 2025","","","",""
"","1","Should update shard info","Peer Exchange Continuous Discovery","Tue Jun 03 19:00:35 GMT 2025","passed","Tue Jun 03 19:00:35 GMT 2025","","","",""
"","1","Check publish message after service node is restarted","Waku Relay, Publish","Tue Jun 03 19:01:56 GMT 2025","skipped","Tue Jun 03 19:01:56 GMT 2025","","","",""
"","0","should throw an error for an unconfigured topic","ensurePubsubTopicIsConfigured","Tue Jun 03 18:55:21 GMT 2025","passed","Tue Jun 03 18:55:21 GMT 2025","","","",""
"","0","random auto sharding 4 - Cluster ID: 10, Content Topic: /app16/5/topic558/proto","Autosharding: Running Nodes","Tue Jun 03 19:03:51 GMT 2025","passed","Tue Jun 03 19:03:51 GMT 2025","","","",""
"","1","Subscribe to topic containing emoji and publish message","Waku Relay, Subscribe","Tue Jun 03 19:02:06 GMT 2025","passed","Tue Jun 03 19:02:06 GMT 2025","","","",""
"","0","PeerStore has remote peer's shard info after successful connection","Metadata Protocol","Tue Jun 03 18:59:56 GMT 2025","passed","Tue Jun 03 18:59:56 GMT 2025","","","",""
"","0","Push message with Basic HTML tag payload","Waku Light Push: Multiple Nodes: Strict Check: true","Tue Jun 03 19:08:54 GMT 2025","passed","Tue Jun 03 19:08:54 GMT 2025","","","",""
"","0","should aggregate SingleShardInfos into a ShardInfo","singleShardInfosToShardInfo","Tue Jun 03 18:55:21 GMT 2025","passed","Tue Jun 03 18:55:21 GMT 2025","","","",""
"","0","msgTime: -19000 ms from now, startTime: -20000, endTime: -19000","Waku Store, time filter","Tue Jun 03 19:05:27 GMT 2025","passed","Tue Jun 03 19:05:27 GMT 2025","","","",""
"","0","Publish message with custom timestamp: Wed Jun 12 2024 19:01:48 GMT+0000 (Coordinated Universal Time)","Waku Relay, Publish","Tue Jun 03 19:01:56 GMT 2025","passed","Tue Jun 03 19:01:56 GMT 2025","","","",""
"","0","Reopen subscription with peer with lost subscription","Waku Filter V2: Ping: Multiple Nodes: Strict Checking: true","Tue Jun 03 18:57:39 GMT 2025","passed","Tue Jun 03 18:57:39 GMT 2025","","","",""
"","0","should emit events and trasition isConnected state when has peers or no peers","Events","Tue Jun 03 18:56:33 GMT 2025","passed","Tue Jun 03 18:56:33 GMT 2025","","waku:connection","",""
"","0","Push message with custom timestamp: 1718218725337","Waku Light Push: Multiple Nodes: Strict Check: true","Tue Jun 03 19:08:54 GMT 2025","passed","Tue Jun 03 19:08:54 GMT 2025","","","",""
"","1","should request peer renewal on specific errors","RetryManager","Tue Jun 03 18:56:05 GMT 2025","passed","Tue Jun 03 18:56:05 GMT 2025","","","",""
"","0","Push message with emoji payload","Waku Light Push: Multiple Nodes: Strict Check: true","Tue Jun 03 19:08:54 GMT 2025","passed","Tue Jun 03 19:08:54 GMT 2025","","","",""
"","0","should throw an error for invalid PubsubTopic format: /waku/2/rs","pubsubTopicToSingleShardInfo with various invalid formats","Tue Jun 03 18:55:21 GMT 2025","passed","Tue Jun 03 18:55:21 GMT 2025","","","",""
"","1","should throw an error for non-numeric clusterId: /waku/2/rs/-/1","pubsubTopicToSingleShardInfo with various invalid formats","Tue Jun 03 18:55:21 GMT 2025","passed","Tue Jun 03 18:55:21 GMT 2025","","","",""
"","1","throws on content topic with empty encoding field","ensureValidContentTopic","Tue Jun 03 18:55:21 GMT 2025","passed","Tue Jun 03 18:55:21 GMT 2025","","","",""
"","0","Subscribe and receive messages via waku relay post","Waku Filter V2: Subscribe: Multiple Service Nodes: Strict Check mode: true","Tue Jun 03 19:05:42 GMT 2025","passed","Tue Jun 03 19:05:42 GMT 2025","","","",""
"","0","Check received message containing Russian","Waku Filter V2: FilterPush: Multiple Nodes: Strict Checking: true","Tue Jun 03 19:03:29 GMT 2025","passed","Tue Jun 03 19:03:29 GMT 2025","","","",""
"","1","Push message with content topic containing short","Waku Light Push: Multiple Nodes: Strict Check: false","Tue Jun 03 19:08:54 GMT 2025","passed","Tue Jun 03 19:08:54 GMT 2025","","","",""
"","1","Check received message containing SQL Injection","Waku Filter V2: FilterPush: Multiple Nodes: Strict Checking: true","Tue Jun 03 19:03:29 GMT 2025","passed","Tue Jun 03 19:03:29 GMT 2025","","","",""
"","0","should handle general insertion and lookup correctly","BloomFilter with special patterns","Tue Jun 03 18:56:17 GMT 2025","passed","Tue Jun 03 18:56:17 GMT 2025","","","",""
"","0","Push 30 different messages","Waku Light Push: Multiple Nodes: Strict Check: true","Tue Jun 03 19:08:54 GMT 2025","skipped","Tue Jun 03 19:08:54 GMT 2025","","","",""
"","0","should emit a peer event after start","Peer Exchange","Tue Jun 03 19:00:35 GMT 2025","passed","Tue Jun 03 19:00:35 GMT 2025","interface-peer-discovery compliance tests","Compliance Test","",""
"","1","3 nodes on /waku/2/rs/7/1 topic","Waku Relay (Autosharding), multiple pubsub topics","Tue Jun 03 19:01:48 GMT 2025","passed","Tue Jun 03 19:01:48 GMT 2025","","","",""
"","1","Publish message with custom timestamp: Tue Jun 03 2025 18:01:48 GMT+0000 (Coordinated Universal Time)","Waku Relay, Publish","Tue Jun 03 19:01:56 GMT 2025","passed","Tue Jun 03 19:01:56 GMT 2025","","","",""
"","1","Check received message with timestamp: 1949153314000 ","Waku Filter V2: FilterPush: Multiple Nodes: Strict Checking: true","Tue Jun 03 19:03:29 GMT 2025","passed","Tue Jun 03 19:03:29 GMT 2025","","","",""
"","0","Subscribe and publish messages on 2 different content topics","Waku Relay, Subscribe","Tue Jun 03 19:02:06 GMT 2025","passed","Tue Jun 03 19:02:06 GMT 2025","","","",""
"","0","Subscribe to topic containing escaped characters and receive message","Waku Filter Next: Subscribe: Multiple Service Nodes: Strict Check mode: false","Tue Jun 03 19:05:09 GMT 2025","passed","Tue Jun 03 19:05:09 GMT 2025","","","",""
"","0","Check message with no pubsub topic is not received","Waku Filter V2: FilterPush: Multiple Nodes: Strict Checking: true","Tue Jun 03 19:03:29 GMT 2025","passed","Tue Jun 03 19:03:29 GMT 2025","","","",""
"","1","Query with Ordered Callback, Wrong PubsubTopic","Waku Store, error handling","Tue Jun 03 19:04:33 GMT 2025","passed","Tue Jun 03 19:04:33 GMT 2025","","","",""
"","0","should reject if Filter is requested but not mounted","waitForRemotePeer","Tue Jun 03 18:56:06 GMT 2025","passed","Tue Jun 03 18:56:06 GMT 2025","","","",""
"","1","peerDiscovery without wakuPeerExchangeDiscovery","Peer Exchange","Tue Jun 03 19:01:31 GMT 2025","passed","Tue Jun 03 19:01:31 GMT 2025","","","",""
"","0","Check received message containing Script","Waku Filter V2: FilterPush: Multiple Nodes: Strict Checking: false","Tue Jun 03 19:03:29 GMT 2025","passed","Tue Jun 03 19:03:29 GMT 2025","","","",""
"","1","should convert content topics to PubsubTopics for autosharding","shardInfoToPubsubTopics","Tue Jun 03 18:55:21 GMT 2025","passed","Tue Jun 03 18:55:21 GMT 2025","","","",""
"","2","all px service nodes subscribed to the shard topic should be dialed","Static Sharding: Peer Management","Tue Jun 03 19:04:28 GMT 2025","passed","Tue Jun 03 19:04:28 GMT 2025","","Peer Exchange","",""
"","0","should be called for peers with PEER_EXCHANGE tags","Dials","Tue Jun 03 18:56:40 GMT 2025","passed","Tue Jun 03 18:56:40 GMT 2025","For peer-exchange peers","dialPeer method","",""
"","1","ENRTree (tree): should parse a DNS tree entry","ENRTree","Tue Jun 03 18:55:44 GMT 2025","passed","Tue Jun 03 18:55:44 GMT 2025","","","",""
"","0","Check publish message after client node is restarted","Waku Relay, Publish","Tue Jun 03 19:01:56 GMT 2025","skipped","Tue Jun 03 19:01:56 GMT 2025","","","",""
"","0","Query Generator, No message returned","Waku Store, error handling","Tue Jun 03 19:04:33 GMT 2025","passed","Tue Jun 03 19:04:33 GMT 2025","","","",""
"","0","should correctly encode and decode relay shards using rs format (Index List)","Relay Shard codec","Tue Jun 03 18:55:22 GMT 2025","passed","Tue Jun 03 18:55:22 GMT 2025","","","",""
"","0","ignores domain fetching errors","DNS Node Discovery","Tue Jun 03 18:55:45 GMT 2025","passed","Tue Jun 03 18:55:45 GMT 2025","","","",""
"","0","Passing page size 11 when there are 10 messages","Waku Store, page size","Tue Jun 03 19:05:10 GMT 2025","passed","Tue Jun 03 19:05:10 GMT 2025","","","",""
"","0","Subscribe to topic containing Basic HTML tag and receive message","Waku Filter Next: Subscribe: Multiple Service Nodes: Strict Check mode: false","Tue Jun 03 19:05:09 GMT 2025","passed","Tue Jun 03 19:05:09 GMT 2025","","","",""
"","1","Subscribe and publish message","Waku Relay, Subscribe","Tue Jun 03 19:02:06 GMT 2025","passed","Tue Jun 03 19:02:06 GMT 2025","","","",""
"","0","recovers when dns.resolve returns empty","DNS Node Discovery","Tue Jun 03 18:55:45 GMT 2025","passed","Tue Jun 03 18:55:45 GMT 2025","","","",""
"","1","should not be called more than DEFAULT_MAX_BOOTSTRAP_PEERS_ALLOWED times for bootstrap peers","Dials","Tue Jun 03 18:56:40 GMT 2025","passed","Tue Jun 03 18:56:40 GMT 2025","For bootstrap peers","dialPeer method","",""
"","0","should handle clusterId, application and version for autosharding with cluster iD 6","shardInfoToPubsubTopics","Tue Jun 03 18:55:21 GMT 2025","passed","Tue Jun 03 18:55:21 GMT 2025","","","",""
"","1","should call waitForPeer on Relay","waitForRemotePeer","Tue Jun 03 18:56:06 GMT 2025","passed","Tue Jun 03 18:56:06 GMT 2025","","","",""
"","0","Check received message containing escaped characters","Waku Filter Next: FilterPush: Multiple Nodes: Strict Checking: false","Tue Jun 03 19:04:05 GMT 2025","passed","Tue Jun 03 19:04:05 GMT 2025","","","",""
"","1","should respect max attempts limit","RetryManager","Tue Jun 03 18:56:05 GMT 2025","passed","Tue Jun 03 18:56:05 GMT 2025","","","",""
"","0","Error when try to subscribe to more than 101 topics (new limit)","Waku Filter V2: Subscribe: Multiple Service Nodes: Strict Check mode: false","Tue Jun 03 19:05:42 GMT 2025","passed","Tue Jun 03 19:05:42 GMT 2025","","","",""
"","4","should get / set UDP multiaddr","ENR","Tue Jun 03 18:55:28 GMT 2025","passed","Tue Jun 03 18:55:28 GMT 2025","","Multiaddr getters and setters","",""
"","0","Error when try to subscribe to more than 101 topics (new limit)","Waku Filter V2: Subscribe: Multiple Service Nodes: Strict Check mode: true","Tue Jun 03 19:05:42 GMT 2025","passed","Tue Jun 03 19:05:42 GMT 2025","","","",""
"","0","should return the pubsub topic directly if a string is provided","determinePubsubTopic","Tue Jun 03 18:55:21 GMT 2025","passed","Tue Jun 03 18:55:21 GMT 2025","","","",""
"","0","should be able to encode the field with only RELAY set to true","ENR waku2 codec","Tue Jun 03 18:55:27 GMT 2025","passed","Tue Jun 03 18:55:27 GMT 2025","","Encoding","",""
"","0","Check received message containing SQL Injection","Waku Filter V2: FilterPush: Multiple Nodes: Strict Checking: false","Tue Jun 03 19:03:29 GMT 2025","passed","Tue Jun 03 19:03:29 GMT 2025","","","",""
"","0","Check received message with timestamp: 1649153314 ","Waku Filter Next: FilterPush: Multiple Nodes: Strict Checking: true","Tue Jun 03 19:04:05 GMT 2025","passed","Tue Jun 03 19:04:05 GMT 2025","","","",""
"","1","should hash ""test123"" with n=5 and maxValue=100 correctly","hashN","Tue Jun 03 18:56:15 GMT 2025","passed","Tue Jun 03 18:56:15 GMT 2025","","","",""
"","1","should maintain proper timestamps if all messages received","MessageChannel","Tue Jun 03 18:56:16 GMT 2025","passed","Tue Jun 03 18:56:16 GMT 2025","","receiving a message","",""
"","0","handles different clusterIds correctly","contentTopicsByPubsubTopic","Tue Jun 03 18:55:21 GMT 2025","passed","Tue Jun 03 18:55:21 GMT 2025","","","",""
"","0","returns only open connection if one present","selectOpenConnection","Tue Jun 03 18:55:36 GMT 2025","passed","Tue Jun 03 18:55:36 GMT 2025","","","",""
"","1","Check received message containing Chinese","Waku Filter V2: FilterPush: Multiple Nodes: Strict Checking: false","Tue Jun 03 19:03:29 GMT 2025","passed","Tue Jun 03 19:03:29 GMT 2025","","","",""
"","1","should hash ""hello"" with n=1 and maxValue=1000 correctly","hashN","Tue Jun 03 18:56:15 GMT 2025","passed","Tue Jun 03 18:56:15 GMT 2025","","","",""
"","0","should not receive a peer event after stop","Local Storage Discovery","Tue Jun 03 18:55:48 GMT 2025","passed","Tue Jun 03 18:55:48 GMT 2025","interface-peer-discovery compliance tests","Compliance Tests","",""
"","0","Push message with content topic containing SQL Injection","Waku Light Push: Multiple Nodes: Strict Check: true","Tue Jun 03 19:08:54 GMT 2025","passed","Tue Jun 03 19:08:54 GMT 2025","","","",""
"","1","should decode valid enr with tcp successfully","ENR","Tue Jun 03 18:55:28 GMT 2025","passed","Tue Jun 03 18:55:28 GMT 2025","","Txt codec","",""
"","1","can start the service","Local Storage Discovery","Tue Jun 03 18:55:48 GMT 2025","passed","Tue Jun 03 18:55:48 GMT 2025","interface-peer-discovery compliance tests","Compliance Tests","",""
"","0","Subscribe to 30 topics in separate streams (30 streams for Filter is limit) at once and receives messages","Waku Filter Next: Subscribe: Multiple Service Nodes: Strict Check mode: false","Tue Jun 03 19:05:09 GMT 2025","skipped","Tue Jun 03 19:05:09 GMT 2025","","","",""
"","0","Subscribe to 100 topics (new limit) at once and receives messages","Waku Filter V2: Subscribe: Multiple Service Nodes: Strict Check mode: true","Tue Jun 03 19:05:42 GMT 2025","passed","Tue Jun 03 19:05:42 GMT 2025","","","",""
"","0","should throw an error for non-numeric clusterId: /waku/2/rs/!/1","pubsubTopicToSingleShardInfo with various invalid formats","Tue Jun 03 18:55:21 GMT 2025","passed","Tue Jun 03 18:55:21 GMT 2025","","","",""
"","0","Subscribe to topic containing Russian and receive message","Waku Filter V2: Subscribe: Multiple Service Nodes: Strict Check mode: false","Tue Jun 03 19:05:42 GMT 2025","passed","Tue Jun 03 19:05:42 GMT 2025","","","",""
"","0","random static sharding 9 - Cluster ID: 601, Shard ID: 588","Static Sharding: Running Nodes","Tue Jun 03 19:05:47 GMT 2025","passed","Tue Jun 03 19:05:47 GMT 2025","","","",""
"","0","Subscribe to 100 topics (new limit) at once and receives messages","Waku Filter V2: Subscribe: Multiple Service Nodes: Strict Check mode: false","Tue Jun 03 19:05:42 GMT 2025","passed","Tue Jun 03 19:05:42 GMT 2025","","","",""
"","0","should check connected peers if present and suitable","waitForRemotePeer","Tue Jun 03 18:56:06 GMT 2025","passed","Tue Jun 03 18:56:06 GMT 2025","","","",""
"","1","should not fail to start the service if it is already started","Peer Exchange","Tue Jun 03 19:00:35 GMT 2025","passed","Tue Jun 03 19:00:35 GMT 2025","interface-peer-discovery compliance tests","Compliance Test","",""
"","0","Push message with content topic containing shell command","Waku Light Push: Multiple Nodes: Strict Check: false","Tue Jun 03 19:08:54 GMT 2025","passed","Tue Jun 03 19:08:54 GMT 2025","","","",""
"","0","Push message with emoji payload","Waku Light Push: Multiple Nodes: Strict Check: false","Tue Jun 03 19:08:54 GMT 2025","passed","Tue Jun 03 19:08:54 GMT 2025","","","",""
"","0","Decoder throws on empty string content topic","Ensures content topic is defined","Tue Jun 03 18:55:37 GMT 2025","passed","Tue Jun 03 18:55:37 GMT 2025","","","",""
"","1","Unsubscribe 1 topic - node subscribed to 2 topics","Waku Filter Next: Unsubscribe: Multiple Nodes: Strict Checking: false","Tue Jun 03 18:58:45 GMT 2025","passed","Tue Jun 03 18:58:45 GMT 2025","","","",""
"","1","should be able to encode the field with only FILTER set to true","ENR waku2 codec","Tue Jun 03 18:55:27 GMT 2025","passed","Tue Jun 03 18:55:27 GMT 2025","","Encoding","",""
"","1","Query generator for multiple messages","Waku Store, general","Tue Jun 03 19:05:02 GMT 2025","passed","Tue Jun 03 19:05:02 GMT 2025","","","",""
"","0","Query Generator  - false","Waku Store, order","Tue Jun 03 19:04:55 GMT 2025","passed","Tue Jun 03 19:04:55 GMT 2025","","","",""
"","0","Encoder throws on empty string content topic","Ensures content topic is defined","Tue Jun 03 18:55:56 GMT 2025","passed","Tue Jun 03 18:55:56 GMT 2025","","","",""
"","1","Light push messages to 2 nwaku nodes each with different pubsubtopics","Waku Light Push (Autosharding): Multiple PubsubTopics","Tue Jun 03 18:59:45 GMT 2025","passed","Tue Jun 03 18:59:45 GMT 2025","","","",""
"","1","throws on content topic with empty application field","ensureValidContentTopic","Tue Jun 03 18:55:21 GMT 2025","passed","Tue Jun 03 18:55:21 GMT 2025","","","",""
"","1","should not fail to stop the service if it was not started","DNS Discovery: Compliance Test","Tue Jun 03 18:56:37 GMT 2025","passed","Tue Jun 03 18:56:37 GMT 2025","","interface-peer-discovery compliance tests","",""
"","0","Push message with content topic containing XML","Waku Light Push: Multiple Nodes: Strict Check: false","Tue Jun 03 19:08:54 GMT 2025","passed","Tue Jun 03 19:08:54 GMT 2025","","","",""
"","0","more peers than existing","Peer Exchange Query","Tue Jun 03 19:01:31 GMT 2025","skipped","Tue Jun 03 19:01:31 GMT 2025","","","",""
"","0","Check received message containing shell command","Waku Filter V2: FilterPush: Multiple Nodes: Strict Checking: true","Tue Jun 03 19:03:29 GMT 2025","passed","Tue Jun 03 19:03:29 GMT 2025","","","",""
"","0","Check received message containing shell command","Waku Filter V2: FilterPush: Multiple Nodes: Strict Checking: false","Tue Jun 03 19:03:29 GMT 2025","passed","Tue Jun 03 19:03:29 GMT 2025","","","",""
"","0","Overlapping topic subscription","Waku Filter Next: Subscribe: Multiple Service Nodes: Strict Check mode: false","Tue Jun 03 19:05:09 GMT 2025","passed","Tue Jun 03 19:05:09 GMT 2025","","","",""
"","0","Query Generator, Multiple PubsubTopics","Waku Store, error handling","Tue Jun 03 19:04:33 GMT 2025","passed","Tue Jun 03 19:04:33 GMT 2025","","","",""
"","0","peer:update - should do nothing if another protocol hit","StreamManager","Tue Jun 03 18:55:36 GMT 2025","passed","Tue Jun 03 18:55:36 GMT 2025","","","",""
"","0","safeDispatchEvent","Public methods","Tue Jun 03 18:57:13 GMT 2025","passed","Tue Jun 03 18:57:13 GMT 2025","","","",""
"","0","addEventListener with wrong event","Public methods","Tue Jun 03 18:57:13 GMT 2025","passed","Tue Jun 03 18:57:13 GMT 2025","","","",""
"","1","should be able to encode the field with ALL protocols set to false","ENR waku2 codec","Tue Jun 03 18:55:27 GMT 2025","passed","Tue Jun 03 18:55:27 GMT 2025","","Encoding","",""
"","0","px service nodes not subscribed to the shard should not be dialed","Static Sharding: Peer Management","Tue Jun 03 19:04:28 GMT 2025","passed","Tue Jun 03 19:04:28 GMT 2025","","Peer Exchange","",""
"","2","Reusing cursor across nodes","Waku Store, cursor","Tue Jun 03 19:04:20 GMT 2025","passed","Tue Jun 03 19:04:20 GMT 2025","","","",""
"","0","should support chaining for add method","TTLSet","Tue Jun 03 18:56:04 GMT 2025","passed","Tue Jun 03 18:56:04 GMT 2025","","","",""
"","0","Meta field set when metaSetter is specified","Waku Message version 0","Tue Jun 03 18:55:37 GMT 2025","passed","Tue Jun 03 18:55:37 GMT 2025","","","",""
"","1","should enable only dns and peerExchange when localPeerCache is disabled","Default Peer Discoveries","Tue Jun 03 18:56:06 GMT 2025","passed","Tue Jun 03 18:56:06 GMT 2025","","","",""
"","0","Push 30 different messages","Waku Light Push: Multiple Nodes: Strict Check: false","Tue Jun 03 19:08:54 GMT 2025","skipped","Tue Jun 03 19:08:54 GMT 2025","","","",""
"","0","should encode/decode to text encoding","ENR","Tue Jun 03 18:55:28 GMT 2025","passed","Tue Jun 03 18:55:28 GMT 2025","","Static tests","",""
"","1","Passing a valid cursor at 0 index when there are 20 messages","Waku Store, cursor","Tue Jun 03 19:04:20 GMT 2025","passed","Tue Jun 03 19:04:20 GMT 2025","","","",""
"","0","Decoder throws on undefined content topic","Ensures content topic is defined","Tue Jun 03 18:55:56 GMT 2025","passed","Tue Jun 03 18:55:56 GMT 2025","","","",""
"","0","Timestamp too far from node time: -20000 ms from now","Waku Store, time filter","Tue Jun 03 19:05:27 GMT 2025","passed","Tue Jun 03 19:05:27 GMT 2025","","","",""
"","0","1 Relay, 1 Filter, gives up","Fetch nodes until capabilities are fulfilled","Tue Jun 03 18:55:44 GMT 2025","passed","Tue Jun 03 18:55:44 GMT 2025","","","",""
"","0","should insert elements correctly","BloomFilter","Tue Jun 03 18:56:17 GMT 2025","passed","Tue Jun 03 18:56:17 GMT 2025","","","",""
"","0","Check message with non string payload is not received","Waku Filter Next: FilterPush: Multiple Nodes: Strict Checking: false","Tue Jun 03 19:04:05 GMT 2025","passed","Tue Jun 03 19:04:05 GMT 2025","","","",""
"","0","Subscribe to topic containing shell command and publish message","Waku Relay, Subscribe","Tue Jun 03 19:02:06 GMT 2025","passed","Tue Jun 03 19:02:06 GMT 2025","","","",""
"","0","Push message with content topic containing long","Waku Light Push: Multiple Nodes: Strict Check: false","Tue Jun 03 19:08:54 GMT 2025","passed","Tue Jun 03 19:08:54 GMT 2025","","","",""
"","1","isConnected should return false after all peers disconnect","Connection state","Tue Jun 03 18:56:51 GMT 2025","passed","Tue Jun 03 18:56:51 GMT 2025","","","",""
"","0","Check message with no pubsub topic is not received","Waku Filter Next: FilterPush: Multiple Nodes: Strict Checking: true","Tue Jun 03 19:04:05 GMT 2025","passed","Tue Jun 03 19:04:05 GMT 2025","","","",""
"","0","Check received message containing numeric","Waku Filter Next: FilterPush: Multiple Nodes: Strict Checking: true","Tue Jun 03 19:04:05 GMT 2025","passed","Tue Jun 03 19:04:05 GMT 2025","","","",""
"","1","Unsubscribe 1 topic - node subscribed to 2 topics","Waku Filter Next: Unsubscribe: Multiple Nodes: Strict Checking: true","Tue Jun 03 18:58:45 GMT 2025","passed","Tue Jun 03 18:58:45 GMT 2025","","","",""
"","0","retrieves all peers (2) when cannot fulfill all requirements","DNS Node Discovery w/ capabilities","Tue Jun 03 18:55:45 GMT 2025","passed","Tue Jun 03 18:55:45 GMT 2025","","","",""
"","1","Query Generator, No Decoder","Waku Store, error handling","Tue Jun 03 19:04:33 GMT 2025","passed","Tue Jun 03 19:04:33 GMT 2025","","","",""
"","0","should hash """" with n=5 and maxValue=1000 correctly","hashN","Tue Jun 03 18:56:15 GMT 2025","passed","Tue Jun 03 18:56:15 GMT 2025","","","",""
"","0","should hash ""test123"" with n=2 and maxValue=1000 correctly","hashN","Tue Jun 03 18:56:15 GMT 2025","passed","Tue Jun 03 18:56:15 GMT 2025","","","",""
"","1","Subscribe and receive ecies encrypted messages via lightPush","Waku Filter V2: Subscribe: Multiple Service Nodes: Strict Check mode: true","Tue Jun 03 19:05:42 GMT 2025","passed","Tue Jun 03 19:05:42 GMT 2025","","","",""
"","0","should initialize with Unhealthy status","HealthIndicator","Tue Jun 03 18:56:06 GMT 2025","passed","Tue Jun 03 18:56:06 GMT 2025","","","",""
"","0","tcp ip4 address","Multiaddr from fields","Tue Jun 03 18:55:27 GMT 2025","passed","Tue Jun 03 18:55:27 GMT 2025","","","",""
"","0","Passing page size 0 when there are 110 messages","Waku Store, page size","Tue Jun 03 19:05:10 GMT 2025","passed","Tue Jun 03 19:05:10 GMT 2025","","","",""
"","0","groups multiple content topics into the same pubsub topic when they share the same shard index","contentTopicsByPubsubTopic","Tue Jun 03 18:55:21 GMT 2025","passed","Tue Jun 03 18:55:21 GMT 2025","","","",""
"","0","Query with Promise Callback, No Decoder","Waku Store, error handling","Tue Jun 03 19:04:33 GMT 2025","passed","Tue Jun 03 19:04:33 GMT 2025","","","",""
"","2","Js publishes, other Js receives","Waku Relay, Interop","Tue Jun 03 19:01:44 GMT 2025","passed","Tue Jun 03 19:01:44 GMT 2025","","","",""
"","1","Publish message with custom timestamp: Tue Jun 03 2025 20:01:48 GMT+0000 (Coordinated Universal Time)","Waku Relay, Publish","Tue Jun 03 19:01:56 GMT 2025","passed","Tue Jun 03 19:01:56 GMT 2025","","","",""
"","1","n1 and n2 uses a custom pubsub, n3 uses the default pubsub","Waku Relay (Autosharding), multiple pubsub topics","Tue Jun 03 19:01:48 GMT 2025","passed","Tue Jun 03 19:01:48 GMT 2025","","","",""
"","0","Overlapping topic subscription","Waku Filter Next: Subscribe: Multiple Service Nodes: Strict Check mode: true","Tue Jun 03 19:05:09 GMT 2025","passed","Tue Jun 03 19:05:09 GMT 2025","","","",""
"","0","Privacy Node - default protocol","Wait for remote peer","Tue Jun 03 19:05:25 GMT 2025","passed","Tue Jun 03 19:05:25 GMT 2025","","","",""
"","0","Push message with escaped characters payload","Waku Light Push: Multiple Nodes: Strict Check: true","Tue Jun 03 19:08:54 GMT 2025","passed","Tue Jun 03 19:08:54 GMT 2025","","","",""
"","0","should throw an error for non-numeric clusterId: /waku/2/rs/ /1","pubsubTopicToSingleShardInfo with various invalid formats","Tue Jun 03 18:55:21 GMT 2025","passed","Tue Jun 03 18:55:21 GMT 2025","","","",""
"","0","Check received message containing short","Waku Filter Next: FilterPush: Multiple Nodes: Strict Checking: false","Tue Jun 03 19:04:05 GMT 2025","passed","Tue Jun 03 19:04:05 GMT 2025","","","",""
"","1","Unsubscribe 1 topic - node subscribed to 1 topic","Waku Filter Next: Unsubscribe: Multiple Nodes: Strict Checking: false","Tue Jun 03 18:58:45 GMT 2025","passed","Tue Jun 03 18:58:45 GMT 2025","","","",""
"","2","Check publish message containing emoji","Waku Relay, Publish","Tue Jun 03 19:01:56 GMT 2025","passed","Tue Jun 03 19:01:56 GMT 2025","","","",""
"","0","Push message with content topic containing short","Waku Light Push: Multiple Nodes: Strict Check: true","Tue Jun 03 19:08:54 GMT 2025","passed","Tue Jun 03 19:08:54 GMT 2025","","","",""
"","0","random static sharding 1 - Cluster ID: 641, Shard ID: 689","Static Sharding: Running Nodes","Tue Jun 03 19:05:47 GMT 2025","passed","Tue Jun 03 19:05:47 GMT 2025","","","",""
"","0","isConnected return false after peer stops","Connection state","Tue Jun 03 18:56:51 GMT 2025","passed","Tue Jun 03 18:56:51 GMT 2025","","","",""
"","0","Generator, 2 different pubsubtopics","Waku Store, custom pubsub topic","Tue Jun 03 19:04:47 GMT 2025","passed","Tue Jun 03 19:04:47 GMT 2025","","","",""
"","0","random auto sharding 7 - Cluster ID: 10, Content Topic: /app94/5/topic877/json","Autosharding: Running Nodes","Tue Jun 03 19:03:51 GMT 2025","passed","Tue Jun 03 19:03:51 GMT 2025","","","",""
"","0","Check received message containing unicode special characters","Waku Filter Next: FilterPush: Multiple Nodes: Strict Checking: true","Tue Jun 03 19:04:05 GMT 2025","passed","Tue Jun 03 19:04:05 GMT 2025","","","",""
"","1","Ordered Callback sorting by timestamp while page direction is true","Waku Store, sorting","Tue Jun 03 19:05:08 GMT 2025","passed","Tue Jun 03 19:05:08 GMT 2025","","","",""
"","0","Ping on peer without subscriptions","Waku Filter V2: Ping: Multiple Nodes: Strict Checking: false","Tue Jun 03 18:57:39 GMT 2025","passed","Tue Jun 03 18:57:39 GMT 2025","","","",""
"","0","should throw error when unsubscribing with unsupported pubsub topic","Filter SDK","Tue Jun 03 18:56:06 GMT 2025","passed","Tue Jun 03 18:56:06 GMT 2025","","","",""
"","0","Publish message with rate limit","Waku Relay, Publish","Tue Jun 03 19:01:56 GMT 2025","passed","Tue Jun 03 19:01:56 GMT 2025","","","",""
"","0","should hash ""Lorem ipsum dolor sit amet"" with n=5 and maxValue=10000 correctly","hashN","Tue Jun 03 18:56:15 GMT 2025","passed","Tue Jun 03 18:56:15 GMT 2025","","","",""
"","0","should handle a minimal index list","Relay Shard codec","Tue Jun 03 18:55:22 GMT 2025","passed","Tue Jun 03 18:55:22 GMT 2025","","","",""
"","1","can start the service","DNS Discovery: Compliance Test","Tue Jun 03 18:56:37 GMT 2025","passed","Tue Jun 03 18:56:37 GMT 2025","","interface-peer-discovery compliance tests","",""
"","0","should reject on timeout if it was set","waitForRemotePeer","Tue Jun 03 18:56:06 GMT 2025","passed","Tue Jun 03 18:56:06 GMT 2025","","","",""
"","1","Push message with content topic containing Basic HTML tag","Waku Light Push: Multiple Nodes: Strict Check: true","Tue Jun 03 19:08:54 GMT 2025","passed","Tue Jun 03 19:08:54 GMT 2025","","","",""
"","0","can start and stop the service","Peer Exchange","Tue Jun 03 19:00:35 GMT 2025","passed","Tue Jun 03 19:00:35 GMT 2025","interface-peer-discovery compliance tests","Compliance Test","",""
"","0","Check message received after old nwaku nodes are not available and new are created","Waku Filter Next: FilterPush: Multiple Nodes: Strict Checking: false","Tue Jun 03 19:04:05 GMT 2025","passed","Tue Jun 03 19:04:05 GMT 2025","","","",""
"","1","random auto sharding 6 - Cluster ID: 10, Content Topic: /app90/2/topic962/proto","Autosharding: Running Nodes","Tue Jun 03 19:03:51 GMT 2025","passed","Tue Jun 03 19:03:51 GMT 2025","","","",""
"","1","should load peers from local storage and dispatch events","Local Storage Discovery","Tue Jun 03 18:55:48 GMT 2025","passed","Tue Jun 03 18:55:48 GMT 2025","","Unit Tests","",""
"","0","Encoder throws on empty string content topic","Ensures content topic is defined","Tue Jun 03 18:55:37 GMT 2025","passed","Tue Jun 03 18:55:37 GMT 2025","","","",""
"","0","Check publish message containing Script","Waku Relay, Publish","Tue Jun 03 19:01:56 GMT 2025","passed","Tue Jun 03 19:01:56 GMT 2025","","","",""
"","0","should throw an error for SingleShardInfos with different clusterIds","singleShardInfosToShardInfo","Tue Jun 03 18:55:21 GMT 2025","passed","Tue Jun 03 18:55:21 GMT 2025","","","",""
"","0","Subscribe to topic containing short and publish message","Waku Relay, Subscribe","Tue Jun 03 19:02:06 GMT 2025","passed","Tue Jun 03 19:02:06 GMT 2025","","","",""
"","0","should return false when clusterId doesn't match","IWaku utils","Tue Jun 03 18:56:06 GMT 2025","passed","Tue Jun 03 18:56:06 GMT 2025","","isShardCompatible","",""
"","0","Subscribe and receive messages on 2 different content topics","Waku Filter Next: Subscribe: Multiple Service Nodes: Strict Check mode: true","Tue Jun 03 19:05:09 GMT 2025","passed","Tue Jun 03 19:05:09 GMT 2025","","","",""
"","0","should properly create location multiaddrs - tcp6","ENR","Tue Jun 03 18:55:28 GMT 2025","passed","Tue Jun 03 18:55:28 GMT 2025","","Location multiaddr","",""
"","0","addEventListener with correct event","Public methods","Tue Jun 03 18:57:13 GMT 2025","passed","Tue Jun 03 18:57:13 GMT 2025","","","",""
"","0","Query generator for 2000 messages","Waku Store, general","Tue Jun 03 19:05:02 GMT 2025","passed","Tue Jun 03 19:05:02 GMT 2025","","","",""
"","0","Check received message with timestamp: 1649153314 ","Waku Filter Next: FilterPush: Multiple Nodes: Strict Checking: false","Tue Jun 03 19:04:05 GMT 2025","passed","Tue Jun 03 19:04:05 GMT 2025","","","",""
"","0","random static sharding 5 - Cluster ID: 387, Shard ID: 10","Static Sharding: Running Nodes","Tue Jun 03 19:05:47 GMT 2025","passed","Tue Jun 03 19:05:47 GMT 2025","","","",""
"","0","Unsubscribe topics the node is not subscribed to","Waku Filter V2: Unsubscribe: Multiple Nodes: Strict Checking: true","Tue Jun 03 18:59:28 GMT 2025","passed","Tue Jun 03 18:59:28 GMT 2025","","","",""
"","0","Push message with content topic containing Arabic","Waku Light Push: Multiple Nodes: Strict Check: true","Tue Jun 03 19:08:54 GMT 2025","passed","Tue Jun 03 19:08:54 GMT 2025","","","",""
"","1","Passing a valid cursor at 19 index when there are 50 messages","Waku Store, cursor","Tue Jun 03 19:04:20 GMT 2025","passed","Tue Jun 03 19:04:20 GMT 2025","","","",""
"","0","should be able to decode the field with STORE and LIGHTPUSH protocols set to true","ENR waku2 codec","Tue Jun 03 18:55:27 GMT 2025","passed","Tue Jun 03 18:55:27 GMT 2025","","Decoding","",""
"","0","should set field with only RELAY enabled","ENR","Tue Jun 03 18:55:28 GMT 2025","passed","Tue Jun 03 18:55:28 GMT 2025","","waku2 key round trip","",""
"","1","should handle clusterId, application and version for autosharding with cluster iD 1","shardInfoToPubsubTopics","Tue Jun 03 18:55:21 GMT 2025","passed","Tue Jun 03 18:55:21 GMT 2025","","","",""
"","0","msgTime: -19000 ms from now, startTime: -19010, endTime: -18990","Waku Store, time filter","Tue Jun 03 19:05:27 GMT 2025","passed","Tue Jun 03 19:05:27 GMT 2025","","","",""
"","1","Subscribe to topic containing unicode special characters and receive message","Waku Filter Next: Subscribe: Multiple Service Nodes: Strict Check mode: false","Tue Jun 03 19:05:09 GMT 2025","passed","Tue Jun 03 19:05:09 GMT 2025","","","",""
"","0","should correctly map /app/20/sometopic/someencoding to shard index 15 with networkShards 16","contentTopicToShardIndex","Tue Jun 03 18:55:21 GMT 2025","passed","Tue Jun 03 18:55:21 GMT 2025","","","",""
"","0","Push message with content topic containing XML","Waku Light Push: Multiple Nodes: Strict Check: true","Tue Jun 03 19:08:54 GMT 2025","passed","Tue Jun 03 19:08:54 GMT 2025","","","",""
"","0","Symmetric encrypt & Decrypt","Waku Encryption","Tue Jun 03 18:55:55 GMT 2025","passed","Tue Jun 03 18:55:55 GMT 2025","","","",""
"","0","should correctly map /app/29/sometopic/someencoding to shard index 6","contentTopicToShardIndex","Tue Jun 03 18:55:21 GMT 2025","passed","Tue Jun 03 18:55:21 GMT 2025","","","",""
"","1","rejects hash query with content filter parameters","StoreQueryRequest validation","Tue Jun 03 18:55:36 GMT 2025","passed","Tue Jun 03 18:55:36 GMT 2025","","","",""
"","1","msgTime: -19000 ms from now, startTime: -19002, endTime: -19001","Waku Store, time filter","Tue Jun 03 19:05:27 GMT 2025","passed","Tue Jun 03 19:05:27 GMT 2025","","","",""
"","0","should hash ""!@#$%^&*()"" with n=5 and maxValue=10000 correctly","hashN","Tue Jun 03 18:56:15 GMT 2025","passed","Tue Jun 03 18:56:15 GMT 2025","","","",""
"","1","should hash ""hello"" with n=1 and maxValue=100 correctly","hashN","Tue Jun 03 18:56:15 GMT 2025","passed","Tue Jun 03 18:56:15 GMT 2025","","","",""
"","0","should return the correct m/n for k = 2, targetError = 0.1","Probabilities","Tue Jun 03 18:56:15 GMT 2025","passed","Tue Jun 03 18:56:15 GMT 2025","","","",""
"","1","removeEventListener with wrong event","Public methods","Tue Jun 03 18:57:13 GMT 2025","passed","Tue Jun 03 18:57:13 GMT 2025","","","",""
"","0","Push message with content topic containing JSON","Waku Light Push: Multiple Nodes: Strict Check: false","Tue Jun 03 19:08:54 GMT 2025","passed","Tue Jun 03 19:08:54 GMT 2025","","","",""
"","0","Subscribe to topic containing unicode special characters and publish message","Waku Relay, Subscribe","Tue Jun 03 19:02:06 GMT 2025","passed","Tue Jun 03 19:02:06 GMT 2025","","","",""
"","1","Unsubscribe 1 topic - node subscribed to 1 topic","Waku Filter Next: Unsubscribe: Multiple Nodes: Strict Checking: true","Tue Jun 03 18:58:45 GMT 2025","passed","Tue Jun 03 18:58:45 GMT 2025","","","",""
"","0","creates an iterator","Util: toAsyncIterator: Filter","Tue Jun 03 19:05:14 GMT 2025","passed","Tue Jun 03 19:05:14 GMT 2025","","","",""
"","0","should correctly map /waku/2/content/test.js to shard index 1","contentTopicToShardIndex","Tue Jun 03 18:55:21 GMT 2025","passed","Tue Jun 03 18:55:21 GMT 2025","","","",""
"","0","Subscribe to topic containing JSON and receive message","Waku Filter Next: Subscribe: Multiple Service Nodes: Strict Check mode: false","Tue Jun 03 19:05:09 GMT 2025","passed","Tue Jun 03 19:05:09 GMT 2025","","","",""
"","0","Subscribe to topic containing JSON and publish message","Waku Relay, Subscribe","Tue Jun 03 19:02:06 GMT 2025","passed","Tue Jun 03 19:02:06 GMT 2025","","","",""
"","1","should decode valid enr successfully","ENR","Tue Jun 03 18:55:28 GMT 2025","passed","Tue Jun 03 18:55:28 GMT 2025","","Txt codec","",""
"","0","should correctly encode and decode relay shards using rsv format (Bit Vector)","Relay Shard codec","Tue Jun 03 18:55:22 GMT 2025","passed","Tue Jun 03 18:55:22 GMT 2025","","","",""
"","0","Check received message containing unicode special characters","Waku Filter V2: FilterPush: Multiple Nodes: Strict Checking: true","Tue Jun 03 19:03:29 GMT 2025","passed","Tue Jun 03 19:03:29 GMT 2025","","","",""
"","0","should handle incoming messages","Filter SDK","Tue Jun 03 18:56:06 GMT 2025","passed","Tue Jun 03 18:56:06 GMT 2025","","","",""
"","0","Check meta is set [ecies]","Ecies Encryption","Tue Jun 03 18:55:56 GMT 2025","passed","Tue Jun 03 18:55:56 GMT 2025","","","",""
"","0","Subscribe to topic containing JSON and receive message","Waku Filter V2: Subscribe: Multiple Service Nodes: Strict Check mode: false","Tue Jun 03 19:05:42 GMT 2025","passed","Tue Jun 03 19:05:42 GMT 2025","","","",""
"","0","should properly create location multiaddrs - tcp","ENR","Tue Jun 03 18:55:28 GMT 2025","passed","Tue Jun 03 18:55:28 GMT 2025","","Location multiaddr","",""
"","2","should not receive a peer event after stop","DNS Discovery: Compliance Test","Tue Jun 03 18:56:37 GMT 2025","passed","Tue Jun 03 18:56:37 GMT 2025","","interface-peer-discovery compliance tests","",""
"","0","should calculate shard index from content topic when shard is not provided","IWaku utils","Tue Jun 03 18:56:06 GMT 2025","passed","Tue Jun 03 18:56:06 GMT 2025","","decoderParamsToShardInfo","",""
"","0","should hash ""hello"" with n=5 and maxValue=100 correctly","hashN","Tue Jun 03 18:56:15 GMT 2025","passed","Tue Jun 03 18:56:15 GMT 2025","","","",""
"","1","retrieves all peers (3) when branch entries are composed of multiple strings","DNS Node Discovery w/ capabilities","Tue Jun 03 18:55:45 GMT 2025","passed","Tue Jun 03 18:55:45 GMT 2025","","","",""
"","0","should throw an error for non-numeric clusterId: /waku/2/rs/y/1","pubsubTopicToSingleShardInfo with various invalid formats","Tue Jun 03 18:55:21 GMT 2025","passed","Tue Jun 03 18:55:21 GMT 2025","","","",""
"","0","should hash ""!@#$%^&*()"" with n=2 and maxValue=100 correctly","hashN","Tue Jun 03 18:56:15 GMT 2025","passed","Tue Jun 03 18:56:15 GMT 2025","","","",""
"","0","should hash ""Lorem ipsum dolor sit amet"" with n=1 and maxValue=100 correctly","hashN","Tue Jun 03 18:56:15 GMT 2025","passed","Tue Jun 03 18:56:15 GMT 2025","","","",""
"","1","Generator, 2 nwaku nodes each with different pubsubtopics","Waku Store, custom pubsub topic","Tue Jun 03 19:04:47 GMT 2025","passed","Tue Jun 03 19:04:47 GMT 2025","","","",""
"","1","`waku:online` between 2 js-waku relay nodes","Connection state","Tue Jun 03 18:56:51 GMT 2025","passed","Tue Jun 03 18:56:51 GMT 2025","","","",""
"","0","Query with Promise Callback, Wrong PubsubTopic","Waku Store, error handling","Tue Jun 03 19:04:33 GMT 2025","passed","Tue Jun 03 19:04:33 GMT 2025","","","",""
"","0","removeEventListener with correct event","Public methods","Tue Jun 03 18:57:13 GMT 2025","passed","Tue Jun 03 18:57:13 GMT 2025","","","",""
"","2","Nwaku publishes","Waku Relay, Interop","Tue Jun 03 19:01:44 GMT 2025","passed","Tue Jun 03 19:01:44 GMT 2025","","","",""
"","0","should have no discoveries enabled by default","Default Peer Discoveries","Tue Jun 03 18:56:06 GMT 2025","passed","Tue Jun 03 18:56:06 GMT 2025","","","",""
"","0","Check received message containing unicode special characters","Waku Filter V2: FilterPush: Multiple Nodes: Strict Checking: false","Tue Jun 03 19:03:29 GMT 2025","passed","Tue Jun 03 19:03:29 GMT 2025","","","",""
"","0","Fails to publish message with wrong pubsubtopic","Waku Relay, Publish","Tue Jun 03 19:01:56 GMT 2025","passed","Tue Jun 03 19:01:56 GMT 2025","","","",""
"","0","Subscribe to topic containing emoji and receive message","Waku Filter V2: Subscribe: Multiple Service Nodes: Strict Check mode: false","Tue Jun 03 19:05:42 GMT 2025","passed","Tue Jun 03 19:05:42 GMT 2025","","","",""
"","1","Check received message containing Script","Waku Filter Next: FilterPush: Multiple Nodes: Strict Checking: false","Tue Jun 03 19:04:05 GMT 2025","passed","Tue Jun 03 19:04:05 GMT 2025","","","",""
"","0","Unsubscribes all - node subscribed to 1 topic","Waku Filter V2: Unsubscribe: Multiple Nodes: Strict Checking: false","Tue Jun 03 18:59:28 GMT 2025","passed","Tue Jun 03 18:59:28 GMT 2025","","","",""
"","1","should not receive a peer event before start","Local Storage Discovery","Tue Jun 03 18:55:48 GMT 2025","passed","Tue Jun 03 18:55:48 GMT 2025","interface-peer-discovery compliance tests","Compliance Tests","",""
"","0","should be called at least once on all `peer:discovery` events","Dials","Tue Jun 03 18:56:40 GMT 2025","passed","Tue Jun 03 18:56:40 GMT 2025","","attemptDial method","",""
"","0","Push message with content topic containing unicode special characters","Waku Light Push: Multiple Nodes: Strict Check: false","Tue Jun 03 19:08:54 GMT 2025","passed","Tue Jun 03 19:08:54 GMT 2025","","","",""
"","3","should retry failed tasks","RetryManager","Tue Jun 03 18:56:05 GMT 2025","passed","Tue Jun 03 18:56:05 GMT 2025","","","",""
"","0","should transition to MinimallyHealthy with one compatible peer","HealthIndicator","Tue Jun 03 18:56:06 GMT 2025","passed","Tue Jun 03 18:56:06 GMT 2025","","","",""
"","2","1 Store, 2 relays, 2 fetches","Fetch nodes until capabilities are fulfilled","Tue Jun 03 18:55:44 GMT 2025","passed","Tue Jun 03 18:55:44 GMT 2025","","","",""
"","0","Check received message containing emoji","Waku Filter Next: FilterPush: Multiple Nodes: Strict Checking: false","Tue Jun 03 19:04:05 GMT 2025","passed","Tue Jun 03 19:04:05 GMT 2025","","","",""
"","1","1 Relay, 1 fetch","Fetch nodes until capabilities are fulfilled","Tue Jun 03 18:55:44 GMT 2025","passed","Tue Jun 03 18:55:44 GMT 2025","","","",""
"","0","should emit a peer event after start","Local Storage Discovery","Tue Jun 03 18:55:48 GMT 2025","passed","Tue Jun 03 18:55:48 GMT 2025","interface-peer-discovery compliance tests","Compliance Tests","",""
"","0","less peers than existing","Peer Exchange Query","Tue Jun 03 19:01:31 GMT 2025","skipped","Tue Jun 03 19:01:31 GMT 2025","","","",""
"","0","Subscribe to topic containing Arabic and publish message","Waku Relay, Subscribe","Tue Jun 03 19:02:06 GMT 2025","passed","Tue Jun 03 19:02:06 GMT 2025","","","",""
"","0","Subscribe to topic containing numeric and receive message","Waku Filter V2: Subscribe: Multiple Service Nodes: Strict Check mode: false","Tue Jun 03 19:05:42 GMT 2025","passed","Tue Jun 03 19:05:42 GMT 2025","","","",""
"","1","Accepts a valid Waku Message","Message Validator","Tue Jun 03 18:56:09 GMT 2025","passed","Tue Jun 03 18:56:09 GMT 2025","","","",""
"","0","Callback on promise","Waku Store, general","Tue Jun 03 19:05:02 GMT 2025","passed","Tue Jun 03 19:05:02 GMT 2025","","","",""
"","1","should hash ""test123"" with n=1 and maxValue=1000 correctly","hashN","Tue Jun 03 18:56:15 GMT 2025","passed","Tue Jun 03 18:56:15 GMT 2025","","","",""
"","0","should throw an error for insufficient data","Relay Shard codec","Tue Jun 03 18:55:22 GMT 2025","passed","Tue Jun 03 18:55:22 GMT 2025","","","",""
"","0","Generator, 2 different pubsubtopics","Waku Store (named sharding), custom pubsub topic","Tue Jun 03 19:04:47 GMT 2025","passed","Tue Jun 03 19:04:47 GMT 2025","","","",""
"","1","Passing page size 19 when there are 20 messages","Waku Store, page size","Tue Jun 03 19:05:10 GMT 2025","passed","Tue Jun 03 19:05:10 GMT 2025","","","",""
"","3","Ephemeral field is preserved - encoder v0","Waku Message Ephemeral field","Tue Jun 03 18:56:40 GMT 2025","passed","Tue Jun 03 18:56:40 GMT 2025","","","",""
"","0","same cluster, same shard: nodes connect","Metadata Protocol","Tue Jun 03 18:59:56 GMT 2025","passed","Tue Jun 03 18:59:56 GMT 2025","","connections","",""
"","0","Push message with long payload","Waku Light Push: Multiple Nodes: Strict Check: true","Tue Jun 03 19:08:54 GMT 2025","passed","Tue Jun 03 19:08:54 GMT 2025","","","",""
"","0","Query with Ordered Callback, Multiple PubsubTopics","Waku Store, error handling","Tue Jun 03 19:04:33 GMT 2025","passed","Tue Jun 03 19:04:33 GMT 2025","","","",""
"","1","Check received message containing XML","Waku Filter V2: FilterPush: Multiple Nodes: Strict Checking: true","Tue Jun 03 19:03:29 GMT 2025","passed","Tue Jun 03 19:03:29 GMT 2025","","","",""
"","1","Decrypt messages","Waku Relay","Tue Jun 03 19:01:32 GMT 2025","passed","Tue Jun 03 19:01:32 GMT 2025","","","",""
"","0","should insert message into bloom filter","MessageChannel","Tue Jun 03 18:56:16 GMT 2025","passed","Tue Jun 03 18:56:16 GMT 2025","","sending a message ","",""
"","1","Round trip binary encryption [symmetric, no signature]","Symmetric Encryption","Tue Jun 03 18:55:55 GMT 2025","passed","Tue Jun 03 18:55:55 GMT 2025","","","",""
"","1","Subscribe and receive messages from 2 nwaku nodes each with different pubsubtopics","Waku Filter Next: Subscribe: Multiple Service Nodes: Strict Check mode: false","Tue Jun 03 19:05:09 GMT 2025","passed","Tue Jun 03 19:05:09 GMT 2025","","","",""
"","1","should throw an error for non-numeric shard: /waku/2/rs/1/y","pubsubTopicToSingleShardInfo with various invalid formats","Tue Jun 03 18:55:21 GMT 2025","passed","Tue Jun 03 18:55:21 GMT 2025","","","",""
"","1","Push message with rate limit","Waku Light Push: Multiple Nodes: Strict Check: false","Tue Jun 03 19:08:54 GMT 2025","passed","Tue Jun 03 19:08:54 GMT 2025","","","",""
"","1","Waku message hash computation (message is IProtoMessage with version)","Message Hash: RFC Test Vectors","Tue Jun 03 18:55:36 GMT 2025","passed","Tue Jun 03 18:55:36 GMT 2025","","","",""
"","0","Push message with unicode special characters payload","Waku Light Push: Multiple Nodes: Strict Check: false","Tue Jun 03 19:08:54 GMT 2025","passed","Tue Jun 03 19:08:54 GMT 2025","","","",""
"","6","should handle connection events","PeerManager","Tue Jun 03 18:56:05 GMT 2025","passed","Tue Jun 03 18:56:05 GMT 2025","","","",""
"","0","Subscribe to topic containing numeric and receive message","Waku Filter V2: Subscribe: Multiple Service Nodes: Strict Check mode: true","Tue Jun 03 19:05:42 GMT 2025","passed","Tue Jun 03 19:05:42 GMT 2025","","","",""
"","1","Encoder throws on undefined content topic","Ensures content topic is defined","Tue Jun 03 18:55:56 GMT 2025","passed","Tue Jun 03 18:55:56 GMT 2025","","","",""
"","0","should select older connection if present","selectOpenConnection","Tue Jun 03 18:55:36 GMT 2025","passed","Tue Jun 03 18:55:36 GMT 2025","","","",""
"","1","Subscribe to 100 topics (new limit) at once and receives messages","Waku Filter Next: Subscribe: Multiple Service Nodes: Strict Check mode: true","Tue Jun 03 19:05:09 GMT 2025","passed","Tue Jun 03 19:05:09 GMT 2025","","","",""
"","0","Check received message containing emoji","Waku Filter V2: FilterPush: Multiple Nodes: Strict Checking: false","Tue Jun 03 19:03:29 GMT 2025","passed","Tue Jun 03 19:03:29 GMT 2025","","","",""
"","0","Push message with Arabic payload","Waku Light Push: Multiple Nodes: Strict Check: false","Tue Jun 03 19:08:54 GMT 2025","passed","Tue Jun 03 19:08:54 GMT 2025","","","",""
"","1","Check received message containing long","Waku Filter Next: FilterPush: Multiple Nodes: Strict Checking: true","Tue Jun 03 19:04:05 GMT 2025","passed","Tue Jun 03 19:04:05 GMT 2025","","","",""
"","0","should hash ""Lorem ipsum dolor sit amet"" with n=2 and maxValue=10000 correctly","hashN","Tue Jun 03 18:56:15 GMT 2025","passed","Tue Jun 03 18:56:15 GMT 2025","","","",""
"","0","Subscribe to topic containing SQL Injection and receive message","Waku Filter Next: Subscribe: Multiple Service Nodes: Strict Check mode: true","Tue Jun 03 19:05:09 GMT 2025","passed","Tue Jun 03 19:05:09 GMT 2025","","","",""
"","1","Subscribe and receive messages via lightPush","Waku Filter Next: Subscribe: Multiple Service Nodes: Strict Check mode: true","Tue Jun 03 19:05:09 GMT 2025","passed","Tue Jun 03 19:05:09 GMT 2025","","","",""
"","0","Check received message containing unicode special characters","Waku Filter Next: FilterPush: Multiple Nodes: Strict Checking: false","Tue Jun 03 19:04:05 GMT 2025","passed","Tue Jun 03 19:04:05 GMT 2025","","","",""
"","2","Unsubscribe 2 topics - node subscribed to 2 topics","Waku Filter Next: Unsubscribe: Multiple Nodes: Strict Checking: true","Tue Jun 03 18:58:45 GMT 2025","passed","Tue Jun 03 18:58:45 GMT 2025","","","",""
"","0","should set field with only FILTER enabled","ENR","Tue Jun 03 18:55:28 GMT 2025","passed","Tue Jun 03 18:55:28 GMT 2025","","waku2 key round trip","",""
"","0","should hash """" with n=0 and maxValue=1000 correctly","hashN","Tue Jun 03 18:56:15 GMT 2025","passed","Tue Jun 03 18:56:15 GMT 2025","","","",""
"","0","Waku message hash computation (meta attribute not present)","Message Hash: RFC Test Vectors","Tue Jun 03 18:55:36 GMT 2025","passed","Tue Jun 03 18:55:36 GMT 2025","","","",""
"","1","Should fail to subscribe with decoder with wrong shard","Waku Filter V2: Subscribe: Multiple Service Nodes: Strict Check mode: false","Tue Jun 03 19:05:42 GMT 2025","passed","Tue Jun 03 19:05:42 GMT 2025","","","",""
"","0","should wait for Store peer to be connected","waitForRemotePeer","Tue Jun 03 18:56:06 GMT 2025","passed","Tue Jun 03 18:56:06 GMT 2025","","","",""
"","0","should return different streams if requested simultaniously","StreamManager","Tue Jun 03 18:55:36 GMT 2025","passed","Tue Jun 03 18:55:36 GMT 2025","","","",""
"","0","Decoder throws on undefined content topic","Ensures content topic is defined","Tue Jun 03 18:55:37 GMT 2025","passed","Tue Jun 03 18:55:37 GMT 2025","","","",""
"","1","messageHashStr produces different results for different inputs","messageHash and messageHashStr","Tue Jun 03 18:55:36 GMT 2025","passed","Tue Jun 03 18:55:36 GMT 2025","","","",""
"","0","Query Generator sorting by timestamp while page direction is false","Waku Store, sorting","Tue Jun 03 19:05:08 GMT 2025","passed","Tue Jun 03 19:05:08 GMT 2025","","","",""
"","1","Unsubscribe 1 topic - node subscribed to 1 topic","Waku Filter V2: Unsubscribe: Multiple Nodes: Strict Checking: true","Tue Jun 03 18:59:28 GMT 2025","passed","Tue Jun 03 18:59:28 GMT 2025","","","",""
"","0","Check received message containing long","Waku Filter V2: FilterPush: Multiple Nodes: Strict Checking: false","Tue Jun 03 19:03:29 GMT 2025","passed","Tue Jun 03 19:03:29 GMT 2025","","","",""
"","1","messageHash returns a Uint8Array","messageHash and messageHashStr","Tue Jun 03 18:55:36 GMT 2025","passed","Tue Jun 03 18:55:36 GMT 2025","","","",""
"","0","Check received message containing Basic HTML tag","Waku Filter Next: FilterPush: Multiple Nodes: Strict Checking: false","Tue Jun 03 19:04:05 GMT 2025","passed","Tue Jun 03 19:04:05 GMT 2025","","","",""
"","1","Ephemeral field is preserved - asymmetric encryption","Waku Message Ephemeral field","Tue Jun 03 18:56:40 GMT 2025","passed","Tue Jun 03 18:56:40 GMT 2025","","","",""
"","5","should keep entries that haven't expired yet","TTLSet","Tue Jun 03 18:56:04 GMT 2025","passed","Tue Jun 03 18:56:04 GMT 2025","","","",""
"","0","should hash ""hello"" with n=2 and maxValue=10000 correctly","hashN","Tue Jun 03 18:56:15 GMT 2025","passed","Tue Jun 03 18:56:15 GMT 2025","","","",""
"","1","Push message with content topic containing unicode special characters","Waku Light Push: Multiple Nodes: Strict Check: true","Tue Jun 03 19:08:54 GMT 2025","passed","Tue Jun 03 19:08:54 GMT 2025","","","",""
"","1","should not fail to start the service if it is already started","Local Storage Discovery","Tue Jun 03 18:55:48 GMT 2025","passed","Tue Jun 03 18:55:48 GMT 2025","interface-peer-discovery compliance tests","Compliance Tests","",""
"","1","Check received message containing Arabic","Waku Filter V2: FilterPush: Multiple Nodes: Strict Checking: true","Tue Jun 03 19:03:29 GMT 2025","passed","Tue Jun 03 19:03:29 GMT 2025","","","",""
"","1","should increase lamport timestamp","MessageChannel","Tue Jun 03 18:56:16 GMT 2025","passed","Tue Jun 03 18:56:16 GMT 2025","","receiving a message","",""
"","0","should return usable stream attached to connection","StreamManager","Tue Jun 03 18:55:36 GMT 2025","passed","Tue Jun 03 18:55:36 GMT 2025","","","",""
"","0","should deliver messages after dependencies are met","MessageChannel","Tue Jun 03 18:56:16 GMT 2025","passed","Tue Jun 03 18:56:16 GMT 2025","","Sweeping incoming buffer","",""
"","1","Push message with JSON payload","Waku Light Push: Multiple Nodes: Strict Check: false","Tue Jun 03 19:08:54 GMT 2025","passed","Tue Jun 03 19:08:54 GMT 2025","","","",""
"","5","Passing page size 1 when there are 4 messages","Waku Store, page size","Tue Jun 03 19:05:10 GMT 2025","passed","Tue Jun 03 19:05:10 GMT 2025","","","",""
"","1","should hash """" with n=0 and maxValue=10000 correctly","hashN","Tue Jun 03 18:56:15 GMT 2025","passed","Tue Jun 03 18:56:15 GMT 2025","","","",""
"","0","Rejects garbage","Message Validator","Tue Jun 03 18:56:09 GMT 2025","passed","Tue Jun 03 18:56:09 GMT 2025","","","",""
"","1","throws on content topic with non-number generation field","ensureValidContentTopic","Tue Jun 03 18:55:21 GMT 2025","passed","Tue Jun 03 18:55:21 GMT 2025","","","",""
"","1","Check received message containing numeric","Waku Filter V2: FilterPush: Multiple Nodes: Strict Checking: false","Tue Jun 03 19:03:29 GMT 2025","passed","Tue Jun 03 19:03:29 GMT 2025","","","",""
"","1","Subscribe and receive ecies encrypted messages via lightPush","Waku Filter Next: Subscribe: Multiple Service Nodes: Strict Check mode: true","Tue Jun 03 19:05:09 GMT 2025","passed","Tue Jun 03 19:05:09 GMT 2025","","","",""
"","0","Push message with meta","Waku Light Push: Multiple Nodes: Strict Check: false","Tue Jun 03 19:08:54 GMT 2025","passed","Tue Jun 03 19:08:54 GMT 2025","","","",""
"","1","Check received message containing escaped characters","Waku Filter V2: FilterPush: Multiple Nodes: Strict Checking: true","Tue Jun 03 19:03:29 GMT 2025","passed","Tue Jun 03 19:03:29 GMT 2025","","","",""
"","0","all px service nodes subscribed to the shard topic should be dialed","Autosharding: Peer Management","Tue Jun 03 19:04:28 GMT 2025","passed","Tue Jun 03 19:04:28 GMT 2025","","Peer Exchange","",""
"","1","Fails to publish duplicate message","Waku Relay, Publish","Tue Jun 03 19:01:56 GMT 2025","passed","Tue Jun 03 19:01:56 GMT 2025","","","",""
"","2","should be online or offline if network state changed","Events","Tue Jun 03 18:56:33 GMT 2025","passed","Tue Jun 03 18:56:33 GMT 2025","","waku:connection","",""
"","1","Check received message with timestamp: 1748976992355000000 ","Waku Filter V2: FilterPush: Multiple Nodes: Strict Checking: false","Tue Jun 03 19:03:29 GMT 2025","passed","Tue Jun 03 19:03:29 GMT 2025","","","",""
"","0","should hash """" with n=1 and maxValue=10000 correctly","hashN","Tue Jun 03 18:56:15 GMT 2025","passed","Tue Jun 03 18:56:15 GMT 2025","","","",""
"","0","should enable all discoveries when explicitly set","Default Peer Discoveries","Tue Jun 03 18:56:06 GMT 2025","passed","Tue Jun 03 18:56:06 GMT 2025","","","",""
"","3","should hash ""Lorem ipsum dolor sit amet"" with n=1 and maxValue=10000 correctly","hashN","Tue Jun 03 18:56:15 GMT 2025","passed","Tue Jun 03 18:56:15 GMT 2025","","","",""
"","0","should serialize and deserialize correctly","BloomFilter","Tue Jun 03 18:56:17 GMT 2025","passed","Tue Jun 03 18:56:17 GMT 2025","","","",""
"","2","should enable only localPeerCache when dns and peerExchange are disabled","Default Peer Discoveries","Tue Jun 03 18:56:06 GMT 2025","passed","Tue Jun 03 18:56:06 GMT 2025","","","",""
"","0","Decoder throws on empty string content topic","Ensures content topic is defined","Tue Jun 03 18:55:55 GMT 2025","passed","Tue Jun 03 18:55:55 GMT 2025","","","",""
"","1","Check message received after jswaku node is restarted","Waku Filter V2: FilterPush: Multiple Nodes: Strict Checking: false","Tue Jun 03 19:03:29 GMT 2025","skipped","Tue Jun 03 19:03:29 GMT 2025","","","",""
"","0","Round trip binary encryption [symmetric, signature]","Symmetric Encryption","Tue Jun 03 18:55:55 GMT 2025","passed","Tue Jun 03 18:55:55 GMT 2025","","","",""
"","1","should invoke callbacks when receiving a message","Filter Subscription","Tue Jun 03 18:56:06 GMT 2025","passed","Tue Jun 03 18:56:06 GMT 2025","","","",""
"","0","Add multiple subscription objects on single nwaku node","Waku Filter V2: Subscribe: Multiple Service Nodes: Strict Check mode: false","Tue Jun 03 19:05:42 GMT 2025","passed","Tue Jun 03 19:05:42 GMT 2025","","","",""
"","0","Nodes with multiple pubsub topic","Waku Relay, multiple pubsub topics","Tue Jun 03 19:01:48 GMT 2025","passed","Tue Jun 03 19:01:48 GMT 2025","","","",""
"","1","should continually clean up expired entries at intervals","TTLSet","Tue Jun 03 18:56:04 GMT 2025","passed","Tue Jun 03 18:56:04 GMT 2025","","","",""
"","1","Fails to publish message with empty text","Waku Relay, Publish","Tue Jun 03 19:01:56 GMT 2025","passed","Tue Jun 03 19:01:56 GMT 2025","","","",""
"","0","Relay + Store","ENR","Tue Jun 03 18:55:28 GMT 2025","passed","Tue Jun 03 18:55:28 GMT 2025","","Waku2 key: decode","",""
"","3","Subscribe to 100 topics (new limit) at once and receives messages","Waku Filter Next: Subscribe: Multiple Service Nodes: Strict Check mode: false","Tue Jun 03 19:05:09 GMT 2025","passed","Tue Jun 03 19:05:09 GMT 2025","","","",""
"","0","Passing cursor with wrong pubsubTopic","Waku Store, cursor","Tue Jun 03 19:04:20 GMT 2025","passed","Tue Jun 03 19:04:20 GMT 2025","","","",""
"","0","Check message with invalid timestamp is not received","Waku Filter V2: FilterPush: Multiple Nodes: Strict Checking: false","Tue Jun 03 19:03:29 GMT 2025","passed","Tue Jun 03 19:03:29 GMT 2025","","","",""
"","1","ignores unrecognized TXT record formats","DNS Node Discovery","Tue Jun 03 18:55:45 GMT 2025","passed","Tue Jun 03 18:55:45 GMT 2025","","","",""
"","0","Subscribe and receives messages on 20 topics","Waku Filter V2: Subscribe: Multiple Service Nodes: Strict Check mode: false","Tue Jun 03 19:05:42 GMT 2025","passed","Tue Jun 03 19:05:42 GMT 2025","","","",""
"","0","should throw an error if shards are undefined for static sharding","shardInfoToPubsubTopics","Tue Jun 03 18:55:21 GMT 2025","passed","Tue Jun 03 18:55:21 GMT 2025","","","",""
"","0","should hash ""Lorem ipsum dolor sit amet"" with n=0 and maxValue=10000 correctly","hashN","Tue Jun 03 18:56:15 GMT 2025","passed","Tue Jun 03 18:56:15 GMT 2025","","","",""
"","0","Subscribe to topic containing escaped characters and receive message","Waku Filter V2: Subscribe: Multiple Service Nodes: Strict Check mode: false","Tue Jun 03 19:05:42 GMT 2025","passed","Tue Jun 03 19:05:42 GMT 2025","","","",""
"","0","should mark all messages in causal history as acknowledged","MessageChannel","Tue Jun 03 18:56:16 GMT 2025","passed","Tue Jun 03 18:56:16 GMT 2025","","reviewing ack status","",""
"","0","should update peers in local storage on 'peer:identify' event","Local Storage Discovery","Tue Jun 03 18:55:48 GMT 2025","passed","Tue Jun 03 18:55:48 GMT 2025","","Unit Tests","",""
"","1","Check received message with timestamp: 1949153314000 ","Waku Filter V2: FilterPush: Multiple Nodes: Strict Checking: false","Tue Jun 03 19:03:29 GMT 2025","passed","Tue Jun 03 19:03:29 GMT 2025","","","",""
"","1","Check received message containing special chars","Waku Filter Next: FilterPush: Multiple Nodes: Strict Checking: false","Tue Jun 03 19:04:05 GMT 2025","passed","Tue Jun 03 19:04:05 GMT 2025","","","",""
"","1","should convert a SingleShardInfo object to the correct PubsubTopic","singleShardInfoToPubsubTopic","Tue Jun 03 18:55:21 GMT 2025","passed","Tue Jun 03 18:55:21 GMT 2025","","","",""
"","1","msgTime: -19000 ms from now, startTime: -18990, endTime: -19010","Waku Store, time filter","Tue Jun 03 19:05:27 GMT 2025","passed","Tue Jun 03 19:05:27 GMT 2025","","","",""
"","0","should not throw an error for a single configured topic","ensurePubsubTopicIsConfigured","Tue Jun 03 18:55:21 GMT 2025","passed","Tue Jun 03 18:55:21 GMT 2025","","","",""
"","1","should hash ""test123"" with n=0 and maxValue=10000 correctly","hashN","Tue Jun 03 18:56:15 GMT 2025","passed","Tue Jun 03 18:56:15 GMT 2025","","","",""
"","0","Check publish message containing JSON","Waku Relay, Publish","Tue Jun 03 19:01:56 GMT 2025","passed","Tue Jun 03 19:01:56 GMT 2025","","","",""
"","0","Check received message containing JSON","Waku Filter Next: FilterPush: Multiple Nodes: Strict Checking: false","Tue Jun 03 19:04:05 GMT 2025","passed","Tue Jun 03 19:04:05 GMT 2025","","","",""
"","0","Subscribe to topic containing escaped characters and receive message","Waku Filter V2: Subscribe: Multiple Service Nodes: Strict Check mode: true","Tue Jun 03 19:05:42 GMT 2025","passed","Tue Jun 03 19:05:42 GMT 2025","","","",""
"","0","Subscribe and publish 10000 messages on the same topic","Waku Relay, Subscribe","Tue Jun 03 19:02:06 GMT 2025","passed","Tue Jun 03 19:02:06 GMT 2025","","","",""
"","0","should properly create location multiaddrs - udp4","ENR","Tue Jun 03 18:55:28 GMT 2025","passed","Tue Jun 03 18:55:28 GMT 2025","","Location multiaddr","",""
"","0","dispatchEvent via connectionManager","Public methods","Tue Jun 03 18:57:13 GMT 2025","passed","Tue Jun 03 18:57:13 GMT 2025","","","",""
"","0","should hash ""!@#$%^&*()"" with n=1 and maxValue=100 correctly","hashN","Tue Jun 03 18:56:15 GMT 2025","passed","Tue Jun 03 18:56:15 GMT 2025","","","",""
"","0","Subscribe to topic containing Arabic and receive message","Waku Filter Next: Subscribe: Multiple Service Nodes: Strict Check mode: true","Tue Jun 03 19:05:09 GMT 2025","passed","Tue Jun 03 19:05:09 GMT 2025","","","",""
"","1","getPeersByDiscovery","Peer Exchange","Tue Jun 03 19:01:31 GMT 2025","passed","Tue Jun 03 19:01:31 GMT 2025","","","",""
"","0","through manual discovery","multiaddr: dialing","Tue Jun 03 18:59:58 GMT 2025","passed","Tue Jun 03 18:59:58 GMT 2025","","does not attempt the same peer discovered multiple times more than once","",""
"","0","Fails to push message bigger that 1MB","Waku Light Push: Multiple Nodes: Strict Check: false","Tue Jun 03 19:08:54 GMT 2025","passed","Tue Jun 03 19:08:54 GMT 2025","","","",""
"","0","Subscribe to topic containing special chars and receive message","Waku Filter V2: Subscribe: Multiple Service Nodes: Strict Check mode: true","Tue Jun 03 19:05:42 GMT 2025","passed","Tue Jun 03 19:05:42 GMT 2025","","","",""
"","1","Promise Callback  - false","Waku Store, order","Tue Jun 03 19:04:55 GMT 2025","passed","Tue Jun 03 19:04:55 GMT 2025","","","",""
"","0","Check received message containing Basic HTML tag","Waku Filter V2: FilterPush: Multiple Nodes: Strict Checking: true","Tue Jun 03 19:03:29 GMT 2025","passed","Tue Jun 03 19:03:29 GMT 2025","","","",""
"","0","should hash ""test123"" with n=2 and maxValue=10000 correctly","hashN","Tue Jun 03 18:56:15 GMT 2025","passed","Tue Jun 03 18:56:15 GMT 2025","","","",""
"","0","Passing page size 10 when there are 10 messages","Waku Store, page size","Tue Jun 03 19:05:10 GMT 2025","passed","Tue Jun 03 19:05:10 GMT 2025","","","",""
"","0","configure the node with multiple pubsub topics","Static Sharding: Running Nodes","Tue Jun 03 19:05:47 GMT 2025","passed","Tue Jun 03 19:05:47 GMT 2025","","Others","",""
"","0","Push message with content topic containing special chars","Waku Light Push: Multiple Nodes: Strict Check: true","Tue Jun 03 19:08:54 GMT 2025","passed","Tue Jun 03 19:08:54 GMT 2025","","","",""
"","1","Filter","Wait for remote peer","Tue Jun 03 19:05:25 GMT 2025","passed","Tue Jun 03 19:05:25 GMT 2025","","","",""
"","0","Ping on peer without subscriptions","Waku Filter V2: Ping: Multiple Nodes: Strict Checking: true","Tue Jun 03 18:57:39 GMT 2025","passed","Tue Jun 03 18:57:39 GMT 2025","","","",""
"","0","Push message with content topic containing special chars","Waku Light Push: Multiple Nodes: Strict Check: false","Tue Jun 03 19:08:54 GMT 2025","passed","Tue Jun 03 19:08:54 GMT 2025","","","",""
"","0","should return a calculated topic if SingleShardInfo is provided","determinePubsubTopic","Tue Jun 03 18:55:21 GMT 2025","passed","Tue Jun 03 18:55:21 GMT 2025","","","",""
"","1","should remove messages without delivering if timeout is exceeded","MessageChannel","Tue Jun 03 18:56:16 GMT 2025","passed","Tue Jun 03 18:56:16 GMT 2025","","Sweeping incoming buffer","",""
"","0","should hash """" with n=2 and maxValue=1000 correctly","hashN","Tue Jun 03 18:56:15 GMT 2025","passed","Tue Jun 03 18:56:15 GMT 2025","","","",""
"","0","Check received message containing JSON","Waku Filter Next: FilterPush: Multiple Nodes: Strict Checking: true","Tue Jun 03 19:04:05 GMT 2025","passed","Tue Jun 03 19:04:05 GMT 2025","","","",""
"","0","Subscribe and receive messages on 2 different content topics","Waku Filter Next: Subscribe: Multiple Service Nodes: Strict Check mode: false","Tue Jun 03 19:05:09 GMT 2025","passed","Tue Jun 03 19:05:09 GMT 2025","","","",""
"","0","Subscribe to topic containing short and receive message","Waku Filter V2: Subscribe: Multiple Service Nodes: Strict Check mode: true","Tue Jun 03 19:05:42 GMT 2025","passed","Tue Jun 03 19:05:42 GMT 2025","","","",""
"","0","same cluster, different shard: nodes connect","Metadata Protocol","Tue Jun 03 18:59:56 GMT 2025","passed","Tue Jun 03 18:59:56 GMT 2025","","connections","",""
"","0","should extract SingleShardInfo from a valid PubsubTopic","pubsubTopicToSingleShardInfo with various invalid formats","Tue Jun 03 18:55:21 GMT 2025","passed","Tue Jun 03 18:55:21 GMT 2025","","","",""
"","0","Subscribe to topic containing numeric and receive message","Waku Filter Next: Subscribe: Multiple Service Nodes: Strict Check mode: true","Tue Jun 03 19:05:09 GMT 2025","passed","Tue Jun 03 19:05:09 GMT 2025","","","",""
"","1","Subscribe and receive messages from 2 nwaku nodes each with different pubsubtopics","Waku Filter Next: Subscribe: Multiple Service Nodes: Strict Check mode: true","Tue Jun 03 19:05:09 GMT 2025","passed","Tue Jun 03 19:05:09 GMT 2025","","","",""
"","0","Push message with content topic containing escaped characters","Waku Light Push: Multiple Nodes: Strict Check: true","Tue Jun 03 19:08:54 GMT 2025","passed","Tue Jun 03 19:08:54 GMT 2025","","","",""
"","0","Subscribe to topic containing Script and publish message","Waku Relay, Subscribe","Tue Jun 03 19:02:06 GMT 2025","passed","Tue Jun 03 19:02:06 GMT 2025","","","",""
"","0","Cluster ID 0 - Default/Global Cluster","Autosharding: Running Nodes","Tue Jun 03 19:03:51 GMT 2025","passed","Tue Jun 03 19:03:51 GMT 2025","","","",""
"","1","Subscribe and receive symmetrically encrypted messages via lightPush","Waku Filter V2: Subscribe: Multiple Service Nodes: Strict Check mode: false","Tue Jun 03 19:05:42 GMT 2025","passed","Tue Jun 03 19:05:42 GMT 2025","","","",""
"","0","Subscribe to topic containing XML and receive message","Waku Filter Next: Subscribe: Multiple Service Nodes: Strict Check mode: false","Tue Jun 03 19:05:09 GMT 2025","passed","Tue Jun 03 19:05:09 GMT 2025","","","",""
"","0","pre and post cipher","Waku Encryption","Tue Jun 03 18:55:55 GMT 2025","passed","Tue Jun 03 18:55:55 GMT 2025","","","",""
"","0","random auto sharding 9 - Cluster ID: 10, Content Topic: /app71/1/topic788/proto","Autosharding: Running Nodes","Tue Jun 03 19:03:51 GMT 2025","passed","Tue Jun 03 19:03:51 GMT 2025","","","",""
"","0","should throw an error for non-numeric shard: /waku/2/rs/1/x","pubsubTopicToSingleShardInfo with various invalid formats","Tue Jun 03 18:55:21 GMT 2025","passed","Tue Jun 03 18:55:21 GMT 2025","","","",""
"","0","Check received message with timestamp: 1748976992421000000 ","Waku Filter Next: FilterPush: Multiple Nodes: Strict Checking: true","Tue Jun 03 19:04:05 GMT 2025","passed","Tue Jun 03 19:04:05 GMT 2025","","","",""
"","1","should emit `waku:online` event only when first peer is connected","Connection state","Tue Jun 03 18:56:51 GMT 2025","passed","Tue Jun 03 18:56:51 GMT 2025","","","",""
"","0","should be delivered but not added to local log or bloom filter","MessageChannel","Tue Jun 03 18:56:16 GMT 2025","passed","Tue Jun 03 18:56:16 GMT 2025","","Sync messages","",""
"","1","retrieves a single peer","DNS Node Discovery","Tue Jun 03 18:55:45 GMT 2025","passed","Tue Jun 03 18:55:45 GMT 2025","","","",""
"","0","should stop and cleanup resources","Filter Subscription","Tue Jun 03 18:56:06 GMT 2025","passed","Tue Jun 03 18:56:06 GMT 2025","","","",""
"","0","Subscribe to topic containing emoji and receive message","Waku Filter Next: Subscribe: Multiple Service Nodes: Strict Check mode: false","Tue Jun 03 19:05:09 GMT 2025","passed","Tue Jun 03 19:05:09 GMT 2025","","","",""
"","0","can start and stop the service","DNS Discovery: Compliance Test","Tue Jun 03 18:56:37 GMT 2025","passed","Tue Jun 03 18:56:37 GMT 2025","","interface-peer-discovery compliance tests","",""
"","1","should initialize bloom filter with correct parameters","BloomFilter","Tue Jun 03 18:56:17 GMT 2025","passed","Tue Jun 03 18:56:17 GMT 2025","","","",""
"","0","Overlapping topic subscription","Waku Filter V2: Subscribe: Multiple Service Nodes: Strict Check mode: true","Tue Jun 03 19:05:42 GMT 2025","passed","Tue Jun 03 19:05:42 GMT 2025","","","",""
"","0","Subscribe to topic containing Chinese and receive message","Waku Filter V2: Subscribe: Multiple Service Nodes: Strict Check mode: true","Tue Jun 03 19:05:42 GMT 2025","passed","Tue Jun 03 19:05:42 GMT 2025","","","",""
"","0","should fall back to default pubsub topic when pubsubTopicShardInfo is not provided","determinePubsubTopic","Tue Jun 03 18:55:21 GMT 2025","passed","Tue Jun 03 18:55:21 GMT 2025","","","",""
"","0","should not fail to stop the service if it was not started","Peer Exchange","Tue Jun 03 19:00:35 GMT 2025","passed","Tue Jun 03 19:00:35 GMT 2025","interface-peer-discovery compliance tests","Compliance Test","",""
"","0","Store - dialed first","Wait for remote peer","Tue Jun 03 19:05:25 GMT 2025","passed","Tue Jun 03 19:05:25 GMT 2025","","","",""
"","0","Subscribe to topic containing shell command and receive message","Waku Filter V2: Subscribe: Multiple Service Nodes: Strict Check mode: true","Tue Jun 03 19:05:42 GMT 2025","passed","Tue Jun 03 19:05:42 GMT 2025","","","",""
"","0","should hash ""!@#$%^&*()"" with n=5 and maxValue=100 correctly","hashN","Tue Jun 03 18:56:15 GMT 2025","passed","Tue Jun 03 18:56:15 GMT 2025","","","",""
"","1","Subscribe to topic containing emoji and receive message","Waku Filter Next: Subscribe: Multiple Service Nodes: Strict Check mode: true","Tue Jun 03 19:05:09 GMT 2025","passed","Tue Jun 03 19:05:09 GMT 2025","","","",""
"","0","should throw error - no public key","ENR","Tue Jun 03 18:55:28 GMT 2025","passed","Tue Jun 03 18:55:28 GMT 2025","","Txt codec","",""
"","0","Check received message containing short","Waku Filter V2: FilterPush: Multiple Nodes: Strict Checking: false","Tue Jun 03 19:03:29 GMT 2025","passed","Tue Jun 03 19:03:29 GMT 2025","","","",""
"","1","should properly clean up resources when disposed","TTLSet","Tue Jun 03 18:56:04 GMT 2025","passed","Tue Jun 03 18:56:04 GMT 2025","","","",""
"","0","should transition to SufficientlyHealthy with multiple compatible peers","HealthIndicator","Tue Jun 03 18:56:06 GMT 2025","passed","Tue Jun 03 18:56:06 GMT 2025","","","",""
"","0","Push message with content topic containing Script","Waku Light Push: Multiple Nodes: Strict Check: false","Tue Jun 03 19:08:54 GMT 2025","passed","Tue Jun 03 19:08:54 GMT 2025","","","",""
"","0","Unsubscribe from 100 topics (new limit) at once and receives messages","Waku Filter Next: Unsubscribe: Multiple Nodes: Strict Checking: false","Tue Jun 03 18:58:45 GMT 2025","passed","Tue Jun 03 18:58:45 GMT 2025","","","",""
"","0","should return true when clusterId matches and shard is included in network shards","IWaku utils","Tue Jun 03 18:56:06 GMT 2025","passed","Tue Jun 03 18:56:06 GMT 2025","","isShardCompatible","",""
"","1","should maintain desired error rate","BloomFilter","Tue Jun 03 18:56:17 GMT 2025","passed","Tue Jun 03 18:56:17 GMT 2025","","","",""
"","0","Subscribe to topic containing long and receive message","Waku Filter V2: Subscribe: Multiple Service Nodes: Strict Check mode: true","Tue Jun 03 19:05:42 GMT 2025","passed","Tue Jun 03 19:05:42 GMT 2025","","","",""
"","0","Unsubscribes all - node subscribed to 10 topics","Waku Filter V2: Unsubscribe: Multiple Nodes: Strict Checking: true","Tue Jun 03 18:59:28 GMT 2025","passed","Tue Jun 03 18:59:28 GMT 2025","","","",""
"","0","should be able to decode the field with only FILTER set to true","ENR waku2 codec","Tue Jun 03 18:55:27 GMT 2025","passed","Tue Jun 03 18:55:27 GMT 2025","","Decoding","",""
"","1","should be empty when created","Filter Subscription","Tue Jun 03 18:56:06 GMT 2025","passed","Tue Jun 03 18:56:06 GMT 2025","","","",""
"","1","Ephemeral messages are not stored","Waku Message Ephemeral field","Tue Jun 03 18:56:40 GMT 2025","passed","Tue Jun 03 18:56:40 GMT 2025","","","",""
"","0","Subscribe to topic containing Chinese and receive message","Waku Filter Next: Subscribe: Multiple Service Nodes: Strict Check mode: true","Tue Jun 03 19:05:09 GMT 2025","passed","Tue Jun 03 19:05:09 GMT 2025","","","",""
"","1","Query generator for multiple messages with different message text format","Waku Store, general","Tue Jun 03 19:05:02 GMT 2025","passed","Tue Jun 03 19:05:02 GMT 2025","","","",""
"","0","should hash ""!@#$%^&*()"" with n=0 and maxValue=100 correctly","hashN","Tue Jun 03 18:56:15 GMT 2025","passed","Tue Jun 03 18:56:15 GMT 2025","","","",""
"","1","Nodes with multiple pubsub topic","Waku Relay (Autosharding), multiple pubsub topics","Tue Jun 03 19:01:48 GMT 2025","passed","Tue Jun 03 19:01:48 GMT 2025","","","",""
"","0","Push message with special chars payload","Waku Light Push: Multiple Nodes: Strict Check: false","Tue Jun 03 19:08:54 GMT 2025","passed","Tue Jun 03 19:08:54 GMT 2025","","","",""
"","1","Check received message containing long","Waku Filter V2: FilterPush: Multiple Nodes: Strict Checking: true","Tue Jun 03 19:03:29 GMT 2025","passed","Tue Jun 03 19:03:29 GMT 2025","","","",""
"","1","Subscribe to topic containing shell command and receive message","Waku Filter Next: Subscribe: Multiple Service Nodes: Strict Check mode: false","Tue Jun 03 19:05:09 GMT 2025","passed","Tue Jun 03 19:05:09 GMT 2025","","","",""
"","1","Decoder throws on undefined content topic","Ensures content topic is defined","Tue Jun 03 18:55:55 GMT 2025","passed","Tue Jun 03 18:55:55 GMT 2025","","","",""
"","0","should request renew when peer disconnects","PeerManager","Tue Jun 03 18:56:05 GMT 2025","passed","Tue Jun 03 18:56:05 GMT 2025","","","",""
"","0","should throw an error for empty SingleShardInfos array","singleShardInfosToShardInfo","Tue Jun 03 18:55:21 GMT 2025","passed","Tue Jun 03 18:55:21 GMT 2025","","","",""
"","0","Subscribe to topic containing shell command and receive message","Waku Filter V2: Subscribe: Multiple Service Nodes: Strict Check mode: false","Tue Jun 03 19:05:42 GMT 2025","passed","Tue Jun 03 19:05:42 GMT 2025","","","",""
"","0","receiving a ping from a peer does not overwrite shard info","Metadata Protocol","Tue Jun 03 18:59:56 GMT 2025","passed","Tue Jun 03 18:59:56 GMT 2025","","","",""
"","0","shard 0","Static Sharding: Running Nodes","Tue Jun 03 19:05:47 GMT 2025","passed","Tue Jun 03 19:05:47 GMT 2025","","","",""
"","1","Refresh subscription","Waku Filter Next: Subscribe: Multiple Service Nodes: Strict Check mode: false","Tue Jun 03 19:05:09 GMT 2025","passed","Tue Jun 03 19:05:09 GMT 2025","","","",""
"","0","Round trip binary encryption [ecies, signature]","Ecies Encryption","Tue Jun 03 18:55:56 GMT 2025","passed","Tue Jun 03 18:55:56 GMT 2025","","","",""
"","0","Push message with content topic containing escaped characters","Waku Light Push: Multiple Nodes: Strict Check: false","Tue Jun 03 19:08:54 GMT 2025","passed","Tue Jun 03 19:08:54 GMT 2025","","","",""
"","1","should insert message id into causal history","MessageChannel","Tue Jun 03 18:56:16 GMT 2025","passed","Tue Jun 03 18:56:16 GMT 2025","","sending a message ","",""
"","1","Check message with non string payload is not received","Waku Filter Next: FilterPush: Multiple Nodes: Strict Checking: true","Tue Jun 03 19:04:05 GMT 2025","passed","Tue Jun 03 19:04:05 GMT 2025","","","",""
"","1","Timestamp too far from node time: 40000 ms from now","Waku Store, time filter","Tue Jun 03 19:05:27 GMT 2025","passed","Tue Jun 03 19:05:27 GMT 2025","","","",""
"","0","Check received message containing Arabic","Waku Filter Next: FilterPush: Multiple Nodes: Strict Checking: false","Tue Jun 03 19:04:05 GMT 2025","passed","Tue Jun 03 19:04:05 GMT 2025","","","",""
"","1","returns nothing if no connections present","selectOpenConnection","Tue Jun 03 18:55:36 GMT 2025","passed","Tue Jun 03 18:55:36 GMT 2025","","","",""
"","0","should successfully unsubscribe from an existing subscription","Filter SDK","Tue Jun 03 18:56:06 GMT 2025","passed","Tue Jun 03 18:56:06 GMT 2025","","","",""
"","0","Check message received after nwaku node is restarted","Waku Filter V2: FilterPush: Multiple Nodes: Strict Checking: false","Tue Jun 03 19:03:29 GMT 2025","skipped","Tue Jun 03 19:03:29 GMT 2025","","","",""
"","0","Check message with no payload is not received","Waku Filter V2: FilterPush: Multiple Nodes: Strict Checking: true","Tue Jun 03 19:03:29 GMT 2025","passed","Tue Jun 03 19:03:29 GMT 2025","","","",""
"","1","Passing an array","Waku Dial [node only]","Tue Jun 03 19:05:21 GMT 2025","passed","Tue Jun 03 19:05:21 GMT 2025","","Bootstrap","",""
"","0","should handle clusterId, application and version for autosharding with cluster iD 0","shardInfoToPubsubTopics","Tue Jun 03 18:55:21 GMT 2025","passed","Tue Jun 03 18:55:21 GMT 2025","","","",""
"","1","Check received message containing long","Waku Filter Next: FilterPush: Multiple Nodes: Strict Checking: false","Tue Jun 03 19:04:05 GMT 2025","passed","Tue Jun 03 19:04:05 GMT 2025","","","",""
"","2","should add and check entries correctly","TTLSet","Tue Jun 03 18:56:04 GMT 2025","passed","Tue Jun 03 18:56:04 GMT 2025","","","",""
"","0","should throw if no connection provided","StreamManager","Tue Jun 03 18:55:36 GMT 2025","passed","Tue Jun 03 18:55:36 GMT 2025","","","",""
"","0","Check received message with timestamp: 1649153314 ","Waku Filter V2: FilterPush: Multiple Nodes: Strict Checking: true","Tue Jun 03 19:03:29 GMT 2025","passed","Tue Jun 03 19:03:29 GMT 2025","","","",""
"","0","Subscribe to topic containing Script and receive message","Waku Filter Next: Subscribe: Multiple Service Nodes: Strict Check mode: false","Tue Jun 03 19:05:09 GMT 2025","passed","Tue Jun 03 19:05:09 GMT 2025","","","",""
"","0","Push message equal or less that 1MB","Waku Light Push: Multiple Nodes: Strict Check: true","Tue Jun 03 19:08:54 GMT 2025","passed","Tue Jun 03 19:08:54 GMT 2025","","","",""
"","0","Check message with non string payload is not received","Waku Filter V2: FilterPush: Multiple Nodes: Strict Checking: false","Tue Jun 03 19:03:29 GMT 2025","passed","Tue Jun 03 19:03:29 GMT 2025","","","",""
"","1","should throw an error for non-numeric shard: /waku/2/rs/1/ ","pubsubTopicToSingleShardInfo with various invalid formats","Tue Jun 03 18:55:21 GMT 2025","passed","Tue Jun 03 18:55:21 GMT 2025","","","",""
"","1","Query with Promise Callback, No message returned","Waku Store, error handling","Tue Jun 03 19:04:33 GMT 2025","passed","Tue Jun 03 19:04:33 GMT 2025","","","",""
"","1","Subscribe to topic containing special chars and receive message","Waku Filter Next: Subscribe: Multiple Service Nodes: Strict Check mode: false","Tue Jun 03 19:05:09 GMT 2025","passed","Tue Jun 03 19:05:09 GMT 2025","","","",""
"","0","should fail to send if pubsub topics are misconfigured","LightPush SDK","Tue Jun 03 18:56:05 GMT 2025","passed","Tue Jun 03 18:56:05 GMT 2025","","","",""
"","2","Error when try to subscribe to more than 101 topics (new limit)","Waku Filter Next: Subscribe: Multiple Service Nodes: Strict Check mode: false","Tue Jun 03 19:05:09 GMT 2025","passed","Tue Jun 03 19:05:09 GMT 2025","","","",""
"","0","can query messages by message hash","Waku Store, message hash query","Tue Jun 03 19:04:36 GMT 2025","passed","Tue Jun 03 19:04:36 GMT 2025","","","",""
"","0","Subscribe to topic containing SQL Injection and receive message","Waku Filter V2: Subscribe: Multiple Service Nodes: Strict Check mode: true","Tue Jun 03 19:05:42 GMT 2025","passed","Tue Jun 03 19:05:42 GMT 2025","","","",""
"","1","random static sharding 4 - Cluster ID: 618, Shard ID: 575","Static Sharding: Running Nodes","Tue Jun 03 19:05:47 GMT 2025","passed","Tue Jun 03 19:05:47 GMT 2025","","","",""
"","1","Add multiple subscription objects on single nwaku node","Waku Filter Next: Subscribe: Multiple Service Nodes: Strict Check mode: false","Tue Jun 03 19:05:09 GMT 2025","passed","Tue Jun 03 19:05:09 GMT 2025","","","",""
"","0","should create a new stream if no existing for protocol found","StreamManager","Tue Jun 03 18:55:36 GMT 2025","passed","Tue Jun 03 18:55:36 GMT 2025","","","",""
"","0","Push message with JSON payload","Waku Light Push: Multiple Nodes: Strict Check: true","Tue Jun 03 19:08:54 GMT 2025","passed","Tue Jun 03 19:08:54 GMT 2025","","","",""
"","0","topics with same application and version share the same shard","contentTopicToShardIndex","Tue Jun 03 18:55:21 GMT 2025","passed","Tue Jun 03 18:55:21 GMT 2025","","","",""
"","0","caches peers it previously fetched","DNS Node Discovery","Tue Jun 03 18:55:45 GMT 2025","passed","Tue Jun 03 18:55:45 GMT 2025","","","",""
"","0","should hash ""test123"" with n=1 and maxValue=100 correctly","hashN","Tue Jun 03 18:56:15 GMT 2025","passed","Tue Jun 03 18:56:15 GMT 2025","","","",""
"","0","should retrieve 3 multiaddrs for test.waku.nodes.status.im","DNS Node Discovery [live data]","Tue Jun 03 18:56:37 GMT 2025","skipped","Tue Jun 03 18:56:37 GMT 2025","","","",""
"","0","msgTime: 19000 ms from now, startTime: 18990, endTime: 19010","Waku Store, time filter","Tue Jun 03 19:05:27 GMT 2025","passed","Tue Jun 03 19:05:27 GMT 2025","","","",""
"","5","returns all values when wanted number is greater than available values","Discovery","Tue Jun 03 18:55:43 GMT 2025","passed","Tue Jun 03 18:55:43 GMT 2025","","","",""
"","1","should be able to decode the field with only RELAY set to true","ENR waku2 codec","Tue Jun 03 18:55:27 GMT 2025","passed","Tue Jun 03 18:55:27 GMT 2025","","Decoding","",""
"","0","Check received message containing short","Waku Filter Next: FilterPush: Multiple Nodes: Strict Checking: true","Tue Jun 03 19:04:05 GMT 2025","passed","Tue Jun 03 19:04:05 GMT 2025","","","",""
"","0","Subscribe to topic containing emoji and receive message","Waku Filter V2: Subscribe: Multiple Service Nodes: Strict Check mode: true","Tue Jun 03 19:05:42 GMT 2025","passed","Tue Jun 03 19:05:42 GMT 2025","","","",""
"","1","Check received message containing shell command","Waku Filter Next: FilterPush: Multiple Nodes: Strict Checking: false","Tue Jun 03 19:04:05 GMT 2025","passed","Tue Jun 03 19:04:05 GMT 2025","","","",""
"","0","Subscribe and receive messages on 2 different content topics","Waku Filter V2: Subscribe: Multiple Service Nodes: Strict Check mode: false","Tue Jun 03 19:05:42 GMT 2025","passed","Tue Jun 03 19:05:42 GMT 2025","","","",""
"","1","Push message with content topic containing Chinese","Waku Light Push: Multiple Nodes: Strict Check: false","Tue Jun 03 19:08:54 GMT 2025","passed","Tue Jun 03 19:08:54 GMT 2025","","","",""
"","1","Overlapping topic subscription","Waku Filter V2: Subscribe: Multiple Service Nodes: Strict Check mode: false","Tue Jun 03 19:05:42 GMT 2025","passed","Tue Jun 03 19:05:42 GMT 2025","","","",""
"","0","should use network config clusterId when shard info clusterId is not provided","IWaku utils","Tue Jun 03 18:56:06 GMT 2025","passed","Tue Jun 03 18:56:06 GMT 2025","","decoderParamsToShardInfo","",""
"","0","Should fail to subscribe with decoder with wrong shard","Waku Filter V2: Subscribe: Multiple Service Nodes: Strict Check mode: true","Tue Jun 03 19:05:42 GMT 2025","passed","Tue Jun 03 19:05:42 GMT 2025","","","",""
"","1","Asymmetric encrypt & decrypt","Waku Encryption","Tue Jun 03 18:55:55 GMT 2025","passed","Tue Jun 03 18:55:55 GMT 2025","","","",""
"","0","Publishes to nwaku","Waku Relay, Interop","Tue Jun 03 19:01:44 GMT 2025","passed","Tue Jun 03 19:01:44 GMT 2025","","","",""
"","0","Check received message containing Arabic","Waku Filter V2: FilterPush: Multiple Nodes: Strict Checking: false","Tue Jun 03 19:03:29 GMT 2025","passed","Tue Jun 03 19:03:29 GMT 2025","","","",""
"","1","should not retry if at least one success","LightPush SDK","Tue Jun 03 18:56:05 GMT 2025","passed","Tue Jun 03 18:56:05 GMT 2025","","","",""
"","0","ENRTree (root): should parse and verify and DNS root entry","ENRTree","Tue Jun 03 18:55:44 GMT 2025","passed","Tue Jun 03 18:55:44 GMT 2025","","","",""
"","2","should return no connections if no open connection provided","selectOpenConnection","Tue Jun 03 18:55:36 GMT 2025","passed","Tue Jun 03 18:55:36 GMT 2025","","","",""
"","0","should be able to decode the field with ALL protocols set to true","ENR waku2 codec","Tue Jun 03 18:55:27 GMT 2025","passed","Tue Jun 03 18:55:27 GMT 2025","","Decoding","",""
"","1","using a protocol with unconfigured pubsub topic should fail","Autosharding: Running Nodes","Tue Jun 03 19:03:51 GMT 2025","passed","Tue Jun 03 19:03:51 GMT 2025","","","",""
"","0","Unsubscribe 1 topic - node subscribed to 1 topic","Waku Filter V2: Unsubscribe: Multiple Nodes: Strict Checking: false","Tue Jun 03 18:59:28 GMT 2025","passed","Tue Jun 03 18:59:28 GMT 2025","","","",""
"","0","messageHashStr produces consistent results for the same input","messageHash and messageHashStr","Tue Jun 03 18:55:36 GMT 2025","passed","Tue Jun 03 18:55:36 GMT 2025","","","",""
"","0","should throw an error for non-numeric clusterId: /waku/2/rs/$/1","pubsubTopicToSingleShardInfo with various invalid formats","Tue Jun 03 18:55:21 GMT 2025","passed","Tue Jun 03 18:55:21 GMT 2025","","","",""
"","8","messageHashStr returns a hex string","messageHash and messageHashStr","Tue Jun 03 18:55:36 GMT 2025","passed","Tue Jun 03 18:55:36 GMT 2025","","","",""
"","0","should handle special patterns correctly","BloomFilter with special patterns","Tue Jun 03 18:56:17 GMT 2025","passed","Tue Jun 03 18:56:17 GMT 2025","","","",""
"","1","should hash """" with n=5 and maxValue=100 correctly","hashN","Tue Jun 03 18:56:15 GMT 2025","passed","Tue Jun 03 18:56:15 GMT 2025","","","",""
"","0","Subscribe and receive messages on 2 different pubsubtopics","Waku Light Push (Autosharding): Multiple PubsubTopics","Tue Jun 03 18:59:45 GMT 2025","passed","Tue Jun 03 18:59:45 GMT 2025","","","",""
"","0","throws on content topic with generation field greater than 0","ensureValidContentTopic","Tue Jun 03 18:55:21 GMT 2025","passed","Tue Jun 03 18:55:21 GMT 2025","","","",""
"","0","Subscribe to topic containing special chars and receive message","Waku Filter Next: Subscribe: Multiple Service Nodes: Strict Check mode: true","Tue Jun 03 19:05:09 GMT 2025","passed","Tue Jun 03 19:05:09 GMT 2025","","","",""
"","0","Subscribe and receive messages from 2 nwaku nodes each with different pubsubtopics","Waku Filter V2: Subscribe: Multiple Service Nodes: Strict Check mode: false","Tue Jun 03 19:05:42 GMT 2025","passed","Tue Jun 03 19:05:42 GMT 2025","","","",""
"","1","should throw error - no public key","ENR","Tue Jun 03 18:55:28 GMT 2025","passed","Tue Jun 03 18:55:28 GMT 2025","","Verify","",""
"","1","should hash """" with n=0 and maxValue=100 correctly","hashN","Tue Jun 03 18:56:15 GMT 2025","passed","Tue Jun 03 18:56:15 GMT 2025","","","",""
"","0","Check received message containing short","Waku Filter V2: FilterPush: Multiple Nodes: Strict Checking: true","Tue Jun 03 19:03:29 GMT 2025","passed","Tue Jun 03 19:03:29 GMT 2025","","","",""
"","0","should never report false negatives","BloomFilter","Tue Jun 03 18:56:17 GMT 2025","passed","Tue Jun 03 18:56:17 GMT 2025","","","",""
"","0","Subscribe to topic containing Basic HTML tag and receive message","Waku Filter V2: Subscribe: Multiple Service Nodes: Strict Check mode: false","Tue Jun 03 19:05:42 GMT 2025","passed","Tue Jun 03 19:05:42 GMT 2025","","","",""
"","0","Throws when trying to push message with empty payload","Waku Light Push: Multiple Nodes: Strict Check: true","Tue Jun 03 19:08:54 GMT 2025","passed","Tue Jun 03 19:08:54 GMT 2025","","","",""
"","1","Subscribe and receive 2 messages on the same topic","Waku Filter V2: Subscribe: Multiple Service Nodes: Strict Check mode: true","Tue Jun 03 19:05:42 GMT 2025","passed","Tue Jun 03 19:05:42 GMT 2025","","","",""
"","0","should add and remove event listeners correctly","Local Storage Discovery","Tue Jun 03 18:55:48 GMT 2025","passed","Tue Jun 03 18:55:48 GMT 2025","","Unit Tests","",""
"","0","Reopen subscription with peer with lost subscription","Waku Filter V2: Ping: Multiple Nodes: Strict Checking: false","Tue Jun 03 18:57:39 GMT 2025","passed","Tue Jun 03 18:57:39 GMT 2025","","","",""
"","1","Unsubscribe 1 topic - node subscribed to 2 topics","Waku Filter V2: Unsubscribe: Multiple Nodes: Strict Checking: true","Tue Jun 03 18:59:28 GMT 2025","passed","Tue Jun 03 18:59:28 GMT 2025","","","",""
"","0","random static sharding 3 - Cluster ID: 42, Shard ID: 82","Static Sharding: Running Nodes","Tue Jun 03 19:05:47 GMT 2025","passed","Tue Jun 03 19:05:47 GMT 2025","","","",""
"","0","should throw error - no id","ENR","Tue Jun 03 18:55:28 GMT 2025","passed","Tue Jun 03 18:55:28 GMT 2025","","Verify","",""
"","1","Check received message containing special chars","Waku Filter V2: FilterPush: Multiple Nodes: Strict Checking: true","Tue Jun 03 19:03:29 GMT 2025","passed","Tue Jun 03 19:03:29 GMT 2025","","","",""
"","0","Subscribe to topic containing Script and receive message","Waku Filter V2: Subscribe: Multiple Service Nodes: Strict Check mode: false","Tue Jun 03 19:05:42 GMT 2025","passed","Tue Jun 03 19:05:42 GMT 2025","","","",""
"","0","Check publish message containing shell command","Waku Relay, Publish","Tue Jun 03 19:01:56 GMT 2025","passed","Tue Jun 03 19:01:56 GMT 2025","","","",""
"","0","should correctly map /app/20/sometopic/someencoding to shard index 0 with networkShards 1","contentTopicToShardIndex","Tue Jun 03 18:55:21 GMT 2025","passed","Tue Jun 03 18:55:21 GMT 2025","","","",""
"","2","should emit `peer:connected:peer-exchange` event when a peer is connected","Events","Tue Jun 03 18:56:33 GMT 2025","passed","Tue Jun 03 18:56:33 GMT 2025","","peer:connect","",""
"","2","Subscribe to topic containing Chinese and receive message","Waku Filter Next: Subscribe: Multiple Service Nodes: Strict Check mode: false","Tue Jun 03 19:05:09 GMT 2025","passed","Tue Jun 03 19:05:09 GMT 2025","","","",""
"","0","Subscribe to topic containing long and receive message","Waku Filter V2: Subscribe: Multiple Service Nodes: Strict Check mode: false","Tue Jun 03 19:05:42 GMT 2025","passed","Tue Jun 03 19:05:42 GMT 2025","","","",""
"","0","Unsubscribe 1 topic - node subscribed to 2 topics","Waku Filter V2: Unsubscribe: Multiple Nodes: Strict Checking: false","Tue Jun 03 18:59:28 GMT 2025","passed","Tue Jun 03 18:59:28 GMT 2025","","","",""
"","1","Subscribe to topic containing Arabic and receive message","Waku Filter V2: Subscribe: Multiple Service Nodes: Strict Check mode: false","Tue Jun 03 19:05:42 GMT 2025","passed","Tue Jun 03 19:05:42 GMT 2025","","","",""
"","0","Round trip binary encryption [ecies, no signature]","Ecies Encryption","Tue Jun 03 18:55:56 GMT 2025","passed","Tue Jun 03 18:55:56 GMT 2025","","","",""
"","0","Subscribe to topic containing long and publish message","Waku Relay, Subscribe","Tue Jun 03 19:02:06 GMT 2025","passed","Tue Jun 03 19:02:06 GMT 2025","","","",""
"","1","Encoder throws on undefined content topic","Ensures content topic is defined","Tue Jun 03 18:55:37 GMT 2025","passed","Tue Jun 03 18:55:37 GMT 2025","","","",""
"","4","Subscribe to topic containing numeric and receive message","Waku Filter Next: Subscribe: Multiple Service Nodes: Strict Check mode: false","Tue Jun 03 19:05:09 GMT 2025","passed","Tue Jun 03 19:05:09 GMT 2025","","","",""
"","0","should hash ""test123"" with n=1 and maxValue=10000 correctly","hashN","Tue Jun 03 18:56:15 GMT 2025","passed","Tue Jun 03 18:56:15 GMT 2025","","","",""
"","0","Add multiple subscription objects on single nwaku node","Waku Filter Next: Subscribe: Multiple Service Nodes: Strict Check mode: true","Tue Jun 03 19:05:09 GMT 2025","passed","Tue Jun 03 19:05:09 GMT 2025","","","",""
"","0","Subscribe and receive messages from 2 nwaku nodes each with different pubsubtopics","Waku Filter V2: Subscribe: Multiple Service Nodes: Strict Check mode: true","Tue Jun 03 19:05:42 GMT 2025","passed","Tue Jun 03 19:05:42 GMT 2025","","","",""
"","0","should throw an error for non-numeric clusterId: /waku/2/rs//1","pubsubTopicToSingleShardInfo with various invalid formats","Tue Jun 03 18:55:21 GMT 2025","passed","Tue Jun 03 18:55:21 GMT 2025","","","",""
"","1","Check received message containing Russian","Waku Filter Next: FilterPush: Multiple Nodes: Strict Checking: false","Tue Jun 03 19:04:05 GMT 2025","passed","Tue Jun 03 19:04:05 GMT 2025","","","",""
"","0","should properly start and stop event listening","HealthIndicator","Tue Jun 03 18:56:06 GMT 2025","passed","Tue Jun 03 18:56:06 GMT 2025","","","",""
"","1","should start and setup intervals and event listeners","Filter Subscription","Tue Jun 03 18:56:06 GMT 2025","passed","Tue Jun 03 18:56:06 GMT 2025","","","",""
"","0","Default pageSize","Waku Store, page size","Tue Jun 03 19:05:10 GMT 2025","passed","Tue Jun 03 19:05:10 GMT 2025","","","",""
"","2","Generator, custom pubsub topic","Waku Store, custom pubsub topic","Tue Jun 03 19:04:47 GMT 2025","passed","Tue Jun 03 19:04:47 GMT 2025","","","",""
"","1","should hash ""test123"" with n=5 and maxValue=10000 correctly","hashN","Tue Jun 03 18:56:15 GMT 2025","passed","Tue Jun 03 18:56:15 GMT 2025","","","",""
"","0","should throw an error for non-numeric shard: /waku/2/rs/1/\","pubsubTopicToSingleShardInfo with various invalid formats","Tue Jun 03 18:55:21 GMT 2025","passed","Tue Jun 03 18:55:21 GMT 2025","","","",""
"","0","should be called for every peer with PEER_EXCHANGE tags","Dials","Tue Jun 03 18:56:40 GMT 2025","passed","Tue Jun 03 18:56:40 GMT 2025","For peer-exchange peers","dialPeer method","",""
"","1","Decoder throws on empty string content topic","Ensures content topic is defined","Tue Jun 03 18:55:56 GMT 2025","passed","Tue Jun 03 18:55:56 GMT 2025","","","",""
"","1","Unsubscribes all - node subscribed to 1 topic","Waku Filter V2: Unsubscribe: Multiple Nodes: Strict Checking: true","Tue Jun 03 18:59:28 GMT 2025","passed","Tue Jun 03 18:59:28 GMT 2025","","","",""
"","0","Check message received after jswaku node is restarted","Waku Filter V2: FilterPush: Multiple Nodes: Strict Checking: true","Tue Jun 03 19:03:29 GMT 2025","skipped","Tue Jun 03 19:03:29 GMT 2025","","","",""
"","0","Fails to publish message with wrong content topic","Waku Relay, Publish","Tue Jun 03 19:01:56 GMT 2025","passed","Tue Jun 03 19:01:56 GMT 2025","","","",""
"","1","messageHashStr works with IProtoMessage","messageHash and messageHashStr","Tue Jun 03 18:55:36 GMT 2025","passed","Tue Jun 03 18:55:36 GMT 2025","","","",""
"","0","throws an error for improperly formatted content topics","contentTopicsByPubsubTopic","Tue Jun 03 18:55:21 GMT 2025","passed","Tue Jun 03 18:55:21 GMT 2025","","","",""
"","0","Refresh subscription","Waku Filter V2: Subscribe: Multiple Service Nodes: Strict Check mode: true","Tue Jun 03 19:05:42 GMT 2025","passed","Tue Jun 03 19:05:42 GMT 2025","","","",""
"","1","throws on content topic with empty version field","ensureValidContentTopic","Tue Jun 03 18:55:21 GMT 2025","passed","Tue Jun 03 18:55:21 GMT 2025","","","",""
"","1","should start and stop interval correctly","RetryManager","Tue Jun 03 18:56:05 GMT 2025","passed","Tue Jun 03 18:56:05 GMT 2025","","","",""
"","0","should add to incoming buffer if dependencies are not met","MessageChannel","Tue Jun 03 18:56:16 GMT 2025","passed","Tue Jun 03 18:56:16 GMT 2025","","receiving a message","",""
"","1","Check received message containing escaped characters","Waku Filter Next: FilterPush: Multiple Nodes: Strict Checking: true","Tue Jun 03 19:04:05 GMT 2025","passed","Tue Jun 03 19:04:05 GMT 2025","","","",""
"","0","should only return 1 node with relay capability","DNS Node Discovery w/ capabilities","Tue Jun 03 18:55:45 GMT 2025","passed","Tue Jun 03 18:55:45 GMT 2025","","","",""
"","1","Check received message with timestamp: 1949153314000 ","Waku Filter Next: FilterPush: Multiple Nodes: Strict Checking: false","Tue Jun 03 19:04:05 GMT 2025","passed","Tue Jun 03 19:04:05 GMT 2025","","","",""
"","0","unsubscribes","Util: toAsyncIterator: Filter","Tue Jun 03 19:05:14 GMT 2025","passed","Tue Jun 03 19:05:14 GMT 2025","","","",""
"","0","Subscribe to topic containing Script and receive message","Waku Filter Next: Subscribe: Multiple Service Nodes: Strict Check mode: true","Tue Jun 03 19:05:09 GMT 2025","passed","Tue Jun 03 19:05:09 GMT 2025","","","",""
"","1","nwaku subscribes","Waku Relay, Interop","Tue Jun 03 19:01:44 GMT 2025","passed","Tue Jun 03 19:01:44 GMT 2025","","","",""
"","0","should return unique PubsubTopics for static sharding","shardInfoToPubsubTopics","Tue Jun 03 18:55:21 GMT 2025","passed","Tue Jun 03 18:55:21 GMT 2025","","","",""
"","1","new peer added after a peer was already found","Peer Exchange","Tue Jun 03 19:01:31 GMT 2025","skipped","Tue Jun 03 19:01:31 GMT 2025","","","",""
"","1","Subscribe to topic containing escaped characters and publish message","Waku Relay, Subscribe","Tue Jun 03 19:02:06 GMT 2025","passed","Tue Jun 03 19:02:06 GMT 2025","","","",""
"","0","Query with Ordered Callback, No message returned","Waku Store, error handling","Tue Jun 03 19:04:33 GMT 2025","passed","Tue Jun 03 19:04:33 GMT 2025","","","",""
"","1","should be able to decode the field with only STORE set to true","ENR waku2 codec","Tue Jun 03 18:55:27 GMT 2025","passed","Tue Jun 03 18:55:27 GMT 2025","","Decoding","",""
"","1","should get locked peers","PeerManager","Tue Jun 03 18:56:05 GMT 2025","passed","Tue Jun 03 18:56:05 GMT 2025","","","",""
"","1","should hash ""Lorem ipsum dolor sit amet"" with n=5 and maxValue=1000 correctly","hashN","Tue Jun 03 18:56:15 GMT 2025","passed","Tue Jun 03 18:56:15 GMT 2025","","","",""
"","1","should set field with all protocols enabled","ENR","Tue Jun 03 18:55:28 GMT 2025","passed","Tue Jun 03 18:55:28 GMT 2025","","waku2 key round trip","",""
"","0","accepts time-filtered query with content filter","StoreQueryRequest validation","Tue Jun 03 18:55:36 GMT 2025","passed","Tue Jun 03 18:55:36 GMT 2025","","","",""
"","1","Subscribe and receive messages via lightPush","Waku Filter V2: Subscribe: Multiple Service Nodes: Strict Check mode: false","Tue Jun 03 19:05:42 GMT 2025","passed","Tue Jun 03 19:05:42 GMT 2025","","","",""
"","0","Error when try to subscribe to more than 101 topics (new limit)","Waku Filter Next: Subscribe: Multiple Service Nodes: Strict Check mode: true","Tue Jun 03 19:05:09 GMT 2025","passed","Tue Jun 03 19:05:09 GMT 2025","","","",""
"","0","should only return 1 node with relay and store capability","DNS Node Discovery w/ capabilities","Tue Jun 03 18:55:45 GMT 2025","passed","Tue Jun 03 18:55:45 GMT 2025","","","",""
"","0","should not receive a peer event after stop","Peer Exchange","Tue Jun 03 19:00:35 GMT 2025","passed","Tue Jun 03 19:00:35 GMT 2025","interface-peer-discovery compliance tests","Compliance Test","",""
"","0","throws on content topic with too few or too many fields","ensureValidContentTopic","Tue Jun 03 18:55:21 GMT 2025","passed","Tue Jun 03 18:55:21 GMT 2025","","","",""
"","1","Check received message containing XML","Waku Filter V2: FilterPush: Multiple Nodes: Strict Checking: false","Tue Jun 03 19:03:29 GMT 2025","passed","Tue Jun 03 19:03:29 GMT 2025","","","",""
"","0","should reject if WakuNode is not started","waitForRemotePeer","Tue Jun 03 18:56:06 GMT 2025","passed","Tue Jun 03 18:56:06 GMT 2025","","","",""
"","0","Waku message hash computation (payload length 0)","Message Hash: RFC Test Vectors","Tue Jun 03 18:55:36 GMT 2025","passed","Tue Jun 03 18:55:36 GMT 2025","","","",""
"","0","should update ack status of messages in outgoing buffer","MessageChannel","Tue Jun 03 18:56:16 GMT 2025","passed","Tue Jun 03 18:56:16 GMT 2025","","Sync messages","",""
"","1","should hash ""hello"" with n=0 and maxValue=10000 correctly","hashN","Tue Jun 03 18:56:15 GMT 2025","passed","Tue Jun 03 18:56:15 GMT 2025","","","",""
"","0","Check received message with timestamp: 1748976992355 ","Waku Filter V2: FilterPush: Multiple Nodes: Strict Checking: true","Tue Jun 03 19:03:29 GMT 2025","passed","Tue Jun 03 19:03:29 GMT 2025","","","",""
"","0","should use the provided clusterId for the pubsub topic","contentTopicToPubsubTopic","Tue Jun 03 18:55:21 GMT 2025","passed","Tue Jun 03 18:55:21 GMT 2025","","","",""
"","0","Refresh subscription","Waku Filter Next: Subscribe: Multiple Service Nodes: Strict Check mode: true","Tue Jun 03 19:05:09 GMT 2025","passed","Tue Jun 03 19:05:09 GMT 2025","","","",""
"","2","should hash ""!@#$%^&*()"" with n=1 and maxValue=1000 correctly","hashN","Tue Jun 03 18:56:15 GMT 2025","passed","Tue Jun 03 18:56:15 GMT 2025","","","",""
"","0","Push message with SQL Injection payload","Waku Light Push: Multiple Nodes: Strict Check: true","Tue Jun 03 19:08:54 GMT 2025","passed","Tue Jun 03 19:08:54 GMT 2025","","","",""
"","0","Generator, 2 nwaku nodes each with different pubsubtopics","Waku Store (named sharding), custom pubsub topic","Tue Jun 03 19:04:47 GMT 2025","passed","Tue Jun 03 19:04:47 GMT 2025","","","",""
"","1","Ping on subscribed peer","Waku Filter V2: Ping: Multiple Nodes: Strict Checking: false","Tue Jun 03 18:57:39 GMT 2025","passed","Tue Jun 03 18:57:39 GMT 2025","","","",""
"","1","ENRTree (tree): should error if DNS tree entry is misformatted","ENRTree","Tue Jun 03 18:55:44 GMT 2025","passed","Tue Jun 03 18:55:44 GMT 2025","","","",""
"","1","should be able to decode the field with ALL protocols set to false","ENR waku2 codec","Tue Jun 03 18:55:27 GMT 2025","passed","Tue Jun 03 18:55:27 GMT 2025","","Decoding","",""
"","0","it tolerates circular branch references","DNS Node Discovery","Tue Jun 03 18:55:45 GMT 2025","passed","Tue Jun 03 18:55:45 GMT 2025","","","",""
"","1","connects to nwaku","Waku Dial [node only]","Tue Jun 03 19:05:21 GMT 2025","passed","Tue Jun 03 19:05:21 GMT 2025","","Interop: ServiceNode","",""
"","2","should emit `peer:discovery:bootstrap` event when a peer is discovered","Events","Tue Jun 03 18:56:33 GMT 2025","passed","Tue Jun 03 18:56:33 GMT 2025","","peer:discovery","",""
"","0","Check message received after nwaku node is restarted","Waku Filter V2: FilterPush: Multiple Nodes: Strict Checking: true","Tue Jun 03 19:03:29 GMT 2025","skipped","Tue Jun 03 19:03:29 GMT 2025","","","",""
"","0","Check message with non string payload is not received","Waku Filter V2: FilterPush: Multiple Nodes: Strict Checking: true","Tue Jun 03 19:03:29 GMT 2025","passed","Tue Jun 03 19:03:29 GMT 2025","","","",""
"","0","Check received message containing Basic HTML tag","Waku Filter Next: FilterPush: Multiple Nodes: Strict Checking: true","Tue Jun 03 19:04:05 GMT 2025","passed","Tue Jun 03 19:04:05 GMT 2025","","","",""
"","3","should hash ""test123"" with n=0 and maxValue=100 correctly","hashN","Tue Jun 03 18:56:15 GMT 2025","passed","Tue Jun 03 18:56:15 GMT 2025","","","",""
"","1","Check publish message containing special chars","Waku Relay, Publish","Tue Jun 03 19:01:56 GMT 2025","passed","Tue Jun 03 19:01:56 GMT 2025","","","",""
"","0","peer:update - should not schedule stream creation IF protocol hit AND stream found on connection","StreamManager","Tue Jun 03 18:55:36 GMT 2025","passed","Tue Jun 03 18:55:36 GMT 2025","","","",""
"","0","Push message with Russian payload","Waku Light Push: Multiple Nodes: Strict Check: false","Tue Jun 03 19:08:54 GMT 2025","passed","Tue Jun 03 19:08:54 GMT 2025","","","",""
"","0","Push to array if already present","pushOrInitMapSet","Tue Jun 03 18:55:21 GMT 2025","passed","Tue Jun 03 18:55:21 GMT 2025","","","",""
"","0","Check message with no content topic is not received","Waku Filter V2: FilterPush: Multiple Nodes: Strict Checking: false","Tue Jun 03 19:03:29 GMT 2025","passed","Tue Jun 03 19:03:29 GMT 2025","","","",""
"","1","Register correct protocols","Waku Relay, Subscribe","Tue Jun 03 19:02:06 GMT 2025","passed","Tue Jun 03 19:02:06 GMT 2025","","","",""
"","0","should hash ""hello"" with n=0 and maxValue=100 correctly","hashN","Tue Jun 03 18:56:15 GMT 2025","passed","Tue Jun 03 18:56:15 GMT 2025","","","",""
"","0","should hash ""hello"" with n=0 and maxValue=1000 correctly","hashN","Tue Jun 03 18:56:15 GMT 2025","passed","Tue Jun 03 18:56:15 GMT 2025","","","",""
"","6","Subscribe and receives messages on 20 topics","Waku Filter Next: Subscribe: Multiple Service Nodes: Strict Check mode: false","Tue Jun 03 19:05:09 GMT 2025","passed","Tue Jun 03 19:05:09 GMT 2025","","","",""
"","0","Subscribe to topic containing long and receive message","Waku Filter Next: Subscribe: Multiple Service Nodes: Strict Check mode: true","Tue Jun 03 19:05:09 GMT 2025","passed","Tue Jun 03 19:05:09 GMT 2025","","","",""
"","0","returns a subset of values when wanted number is lesser than available values","Discovery","Tue Jun 03 18:55:43 GMT 2025","passed","Tue Jun 03 18:55:43 GMT 2025","","","",""
"","1","Subscribe to topic containing XML and publish message","Waku Relay, Subscribe","Tue Jun 03 19:02:06 GMT 2025","passed","Tue Jun 03 19:02:06 GMT 2025","","","",""
"","0","Push message with Arabic payload","Waku Light Push: Multiple Nodes: Strict Check: true","Tue Jun 03 19:08:54 GMT 2025","passed","Tue Jun 03 19:08:54 GMT 2025","","","",""
"","1","should not allow k > 12","Probabilities","Tue Jun 03 18:56:15 GMT 2025","passed","Tue Jun 03 18:56:15 GMT 2025","","","",""
"","0","should fail to send if no connected peers found","LightPush SDK","Tue Jun 03 18:56:05 GMT 2025","passed","Tue Jun 03 18:56:05 GMT 2025","","","",""
"","0","should hash ""Lorem ipsum dolor sit amet"" with n=0 and maxValue=100 correctly","hashN","Tue Jun 03 18:56:15 GMT 2025","passed","Tue Jun 03 18:56:15 GMT 2025","","","",""
"","0","Mutual subscription","Waku Relay, Subscribe","Tue Jun 03 19:02:06 GMT 2025","passed","Tue Jun 03 19:02:06 GMT 2025","","","",""
"","1","should throw an error for non-numeric clusterId: /waku/2/rs/x/1","pubsubTopicToSingleShardInfo with various invalid formats","Tue Jun 03 18:55:21 GMT 2025","passed","Tue Jun 03 18:55:21 GMT 2025","","","",""
"","0","random auto sharding 10 - Cluster ID: 10, Content Topic: /app65/5/topic967/xml","Autosharding: Running Nodes","Tue Jun 03 19:03:51 GMT 2025","passed","Tue Jun 03 19:03:51 GMT 2025","","","",""
"","0","Check message with invalid timestamp is not received","Waku Filter Next: FilterPush: Multiple Nodes: Strict Checking: true","Tue Jun 03 19:04:05 GMT 2025","passed","Tue Jun 03 19:04:05 GMT 2025","","","",""
"","1","Check message received after jswaku node is restarted","Waku Filter Next: FilterPush: Multiple Nodes: Strict Checking: false","Tue Jun 03 19:04:05 GMT 2025","passed","Tue Jun 03 19:04:05 GMT 2025","","","",""
"","0","random auto sharding 2 - Cluster ID: 10, Content Topic: /app53/2/topic500/proto","Autosharding: Running Nodes","Tue Jun 03 19:03:51 GMT 2025","passed","Tue Jun 03 19:03:51 GMT 2025","","","",""
"","0","wrong wakuPeerExchangeDiscovery pubsub topic","Peer Exchange","Tue Jun 03 19:01:31 GMT 2025","skipped","Tue Jun 03 19:01:31 GMT 2025","","","",""
"","0","should set field with only STORE enabled","ENR","Tue Jun 03 18:55:28 GMT 2025","passed","Tue Jun 03 18:55:28 GMT 2025","","waku2 key round trip","",""
"","0","Check received message containing SQL Injection","Waku Filter Next: FilterPush: Multiple Nodes: Strict Checking: true","Tue Jun 03 19:04:05 GMT 2025","passed","Tue Jun 03 19:04:05 GMT 2025","","","",""
"","0","should invoke callbacks only when newly receiving message is given","Filter Subscription","Tue Jun 03 18:56:06 GMT 2025","passed","Tue Jun 03 18:56:06 GMT 2025","","","",""
"","0","Subscribe to topic containing short and receive message","Waku Filter V2: Subscribe: Multiple Service Nodes: Strict Check mode: false","Tue Jun 03 19:05:42 GMT 2025","passed","Tue Jun 03 19:05:42 GMT 2025","","","",""
"","1","Check message with no content topic is not received","Waku Filter V2: FilterPush: Multiple Nodes: Strict Checking: true","Tue Jun 03 19:03:29 GMT 2025","passed","Tue Jun 03 19:03:29 GMT 2025","","","",""
"","0","Subscribe to topic containing numeric and publish message","Waku Relay, Subscribe","Tue Jun 03 19:02:06 GMT 2025","passed","Tue Jun 03 19:02:06 GMT 2025","","","",""
"","0","Check received message containing Arabic","Waku Filter Next: FilterPush: Multiple Nodes: Strict Checking: true","Tue Jun 03 19:04:05 GMT 2025","passed","Tue Jun 03 19:04:05 GMT 2025","","","",""
"","0","Store - dialed after - with timeout","Wait for remote peer","Tue Jun 03 19:05:25 GMT 2025","passed","Tue Jun 03 19:05:25 GMT 2025","","","",""
"","0","should throw an error for invalid PubsubTopic format: /waku/2/r/1/2","pubsubTopicToSingleShardInfo with various invalid formats","Tue Jun 03 18:55:21 GMT 2025","passed","Tue Jun 03 18:55:21 GMT 2025","","","",""
"","1","Subscribe to topic containing short and receive message","Waku Filter Next: Subscribe: Multiple Service Nodes: Strict Check mode: true","Tue Jun 03 19:05:09 GMT 2025","passed","Tue Jun 03 19:05:09 GMT 2025","","","",""
"","5","should correctly map /myapp/1/latest/proto to shard index 0","contentTopicToShardIndex","Tue Jun 03 18:55:21 GMT 2025","passed","Tue Jun 03 18:55:21 GMT 2025","","","",""
"","1","Delete observer","Waku Relay","Tue Jun 03 19:01:32 GMT 2025","passed","Tue Jun 03 19:01:32 GMT 2025","","","",""
"","1","Check received message containing Russian","Waku Filter Next: FilterPush: Multiple Nodes: Strict Checking: true","Tue Jun 03 19:04:05 GMT 2025","passed","Tue Jun 03 19:04:05 GMT 2025","","","",""
"","5","Passing page size 110 when there are 120 messages","Waku Store, page size","Tue Jun 03 19:05:10 GMT 2025","passed","Tue Jun 03 19:05:10 GMT 2025","","","",""
"","0","should correctly map /app/27/sometopic/someencoding to shard index 5","contentTopicToShardIndex","Tue Jun 03 18:55:21 GMT 2025","passed","Tue Jun 03 18:55:21 GMT 2025","","","",""
"","0","Relay - dialed first","Wait for remote peer","Tue Jun 03 19:05:25 GMT 2025","passed","Tue Jun 03 19:05:25 GMT 2025","","","",""
"","1","Generator, 2 different pubsubtopics","Waku Store (Autosharding), custom pubsub topic","Tue Jun 03 19:04:47 GMT 2025","skipped","Tue Jun 03 19:04:47 GMT 2025","","","",""
"","0","Should fail to subscribe with decoder with wrong shard","Waku Filter Next: Subscribe: Multiple Service Nodes: Strict Check mode: false","Tue Jun 03 19:05:09 GMT 2025","passed","Tue Jun 03 19:05:09 GMT 2025","","","",""
"","2","should hash ""test123"" with n=2 and maxValue=100 correctly","hashN","Tue Jun 03 18:56:15 GMT 2025","passed","Tue Jun 03 18:56:15 GMT 2025","","","",""
"","1","Passing page size 3 when there are 20 messages","Waku Store, page size","Tue Jun 03 19:05:10 GMT 2025","passed","Tue Jun 03 19:05:10 GMT 2025","","","",""
"","1","start node with empty content topic","Autosharding: Running Nodes","Tue Jun 03 19:03:51 GMT 2025","passed","Tue Jun 03 19:03:51 GMT 2025","","","",""
"","0","Check message with invalid timestamp is not received","Waku Filter V2: FilterPush: Multiple Nodes: Strict Checking: true","Tue Jun 03 19:03:29 GMT 2025","passed","Tue Jun 03 19:03:29 GMT 2025","","","",""
"","0","ENRTree (branch): should parse and verify a single component DNS branch entry","ENRTree","Tue Jun 03 18:55:44 GMT 2025","passed","Tue Jun 03 18:55:44 GMT 2025","","","",""
"","0","should be able to encode the field with only LIGHTPUSH set to true","ENR waku2 codec","Tue Jun 03 18:55:27 GMT 2025","passed","Tue Jun 03 18:55:27 GMT 2025","","Encoding","",""
"","1","Query generator for multiple messages with different content topic format","Waku Store, general","Tue Jun 03 19:05:02 GMT 2025","passed","Tue Jun 03 19:05:02 GMT 2025","","","",""
"","0","Check message with invalid timestamp is not received","Waku Filter Next: FilterPush: Multiple Nodes: Strict Checking: false","Tue Jun 03 19:04:05 GMT 2025","passed","Tue Jun 03 19:04:05 GMT 2025","","","",""
"","1","Passing a valid cursor at 110 index when there are 120 messages","Waku Store, cursor","Tue Jun 03 19:04:20 GMT 2025","passed","Tue Jun 03 19:04:20 GMT 2025","","","",""
"","3","Subscribe to topic containing unicode special characters and receive message","Waku Filter Next: Subscribe: Multiple Service Nodes: Strict Check mode: true","Tue Jun 03 19:05:09 GMT 2025","passed","Tue Jun 03 19:05:09 GMT 2025","","","",""
"","0","should hash ""Lorem ipsum dolor sit amet"" with n=2 and maxValue=1000 correctly","hashN","Tue Jun 03 18:56:15 GMT 2025","passed","Tue Jun 03 18:56:15 GMT 2025","","","",""
"","0","should throw an error for missing sharding configuration","ensureShardingConfigured","Tue Jun 03 18:55:21 GMT 2025","passed","Tue Jun 03 18:55:21 GMT 2025","","","",""
"","0","should reject if Store is requested but not mounted","waitForRemotePeer","Tue Jun 03 18:56:06 GMT 2025","passed","Tue Jun 03 18:56:06 GMT 2025","","","",""
"","0","random auto sharding 5 - Cluster ID: 10, Content Topic: /app0/4/topic157/test.js","Autosharding: Running Nodes","Tue Jun 03 19:03:51 GMT 2025","passed","Tue Jun 03 19:03:51 GMT 2025","","","",""
"","0","should properly create location multiaddrs - udp","ENR","Tue Jun 03 18:55:28 GMT 2025","passed","Tue Jun 03 18:55:28 GMT 2025","","Location multiaddr","",""
"","0","Subscribe to topic containing Basic HTML tag and publish message","Waku Relay, Subscribe","Tue Jun 03 19:02:06 GMT 2025","passed","Tue Jun 03 19:02:06 GMT 2025","","","",""
"","1","Check received message containing JSON","Waku Filter V2: FilterPush: Multiple Nodes: Strict Checking: true","Tue Jun 03 19:03:29 GMT 2025","passed","Tue Jun 03 19:03:29 GMT 2025","","","",""
"","0","should handle different types of entries","TTLSet","Tue Jun 03 18:56:04 GMT 2025","passed","Tue Jun 03 18:56:04 GMT 2025","","","",""
"","0","Promise Callback  - true","Waku Store, order","Tue Jun 03 19:04:55 GMT 2025","passed","Tue Jun 03 19:04:55 GMT 2025","","","",""
"","1","random auto sharding 1 - Cluster ID: 10, Content Topic: /app96/10/topic508/xml","Autosharding: Running Nodes","Tue Jun 03 19:03:51 GMT 2025","passed","Tue Jun 03 19:03:51 GMT 2025","","","",""
"","1","Used by Waku Relay","Decryption Keys","Tue Jun 03 19:05:21 GMT 2025","passed","Tue Jun 03 19:05:21 GMT 2025","","","",""
"","1","Push message with Chinese payload","Waku Light Push: Multiple Nodes: Strict Check: false","Tue Jun 03 19:08:54 GMT 2025","passed","Tue Jun 03 19:08:54 GMT 2025","","","",""
"","0","should attach causal history and bloom filter to each message","MessageChannel","Tue Jun 03 18:56:16 GMT 2025","passed","Tue Jun 03 18:56:16 GMT 2025","","sending a message ","",""
"","1","Query with Ordered Callback, No Decoder","Waku Store, error handling","Tue Jun 03 19:04:33 GMT 2025","passed","Tue Jun 03 19:04:33 GMT 2025","","","",""
"","0","Subscribe to topic containing SQL Injection and publish message","Waku Relay, Subscribe","Tue Jun 03 19:02:06 GMT 2025","passed","Tue Jun 03 19:02:06 GMT 2025","","","",""
"","0","should hash ""!@#$%^&*()"" with n=5 and maxValue=1000 correctly","hashN","Tue Jun 03 18:56:15 GMT 2025","passed","Tue Jun 03 18:56:15 GMT 2025","","","",""
"","0","Subscribe to topic containing Basic HTML tag and receive message","Waku Filter V2: Subscribe: Multiple Service Nodes: Strict Check mode: true","Tue Jun 03 19:05:42 GMT 2025","passed","Tue Jun 03 19:05:42 GMT 2025","","","",""
"","1","should correctly map /0/toychat/2/huilong/proto to shard index 3","contentTopicToShardIndex","Tue Jun 03 18:55:21 GMT 2025","passed","Tue Jun 03 18:55:21 GMT 2025","","","",""
"","0","Push message with long payload","Waku Light Push: Multiple Nodes: Strict Check: false","Tue Jun 03 19:08:54 GMT 2025","passed","Tue Jun 03 19:08:54 GMT 2025","","","",""
"","0","should track probabilistic acknowledgements of messages received in bloom filter","MessageChannel","Tue Jun 03 18:56:16 GMT 2025","passed","Tue Jun 03 18:56:16 GMT 2025","","reviewing ack status","",""
"","0","should push the message to the outgoing buffer","MessageChannel","Tue Jun 03 18:56:16 GMT 2025","passed","Tue Jun 03 18:56:16 GMT 2025","","sending a message ","",""
"","0","Refresh subscription","Waku Relay, Subscribe","Tue Jun 03 19:02:06 GMT 2025","skipped","Tue Jun 03 19:02:06 GMT 2025","","","",""
"","1","Init the array if not present","pushOrInitMapSet","Tue Jun 03 18:55:21 GMT 2025","passed","Tue Jun 03 18:55:21 GMT 2025","","","",""
"","1","Ping on subscribed peer","Waku Filter V2: Ping: Multiple Nodes: Strict Checking: true","Tue Jun 03 18:57:39 GMT 2025","passed","Tue Jun 03 18:57:39 GMT 2025","","","",""
"","1","Passing a valid cursor at 19 index when there are 20 messages","Waku Store, cursor","Tue Jun 03 19:04:20 GMT 2025","passed","Tue Jun 03 19:04:20 GMT 2025","","","",""
"","0","Subscribe and receive 2 messages on the same topic","Waku Filter Next: Subscribe: Multiple Service Nodes: Strict Check mode: false","Tue Jun 03 19:05:09 GMT 2025","passed","Tue Jun 03 19:05:09 GMT 2025","","","",""
"","1","Push message with content topic containing SQL Injection","Waku Light Push: Multiple Nodes: Strict Check: false","Tue Jun 03 19:08:54 GMT 2025","passed","Tue Jun 03 19:08:54 GMT 2025","","","",""
"","0","Overlapping topic subscription","Waku Relay, Subscribe","Tue Jun 03 19:02:06 GMT 2025","skipped","Tue Jun 03 19:02:06 GMT 2025","","","",""
"","2","Sample","ENR multiaddrs codec","Tue Jun 03 18:55:27 GMT 2025","passed","Tue Jun 03 18:55:27 GMT 2025","","","",""
"","0","Check received message containing Script","Waku Filter V2: FilterPush: Multiple Nodes: Strict Checking: true","Tue Jun 03 19:03:29 GMT 2025","passed","Tue Jun 03 19:03:29 GMT 2025","","","",""
"","0","Check received message containing special chars","Waku Filter V2: FilterPush: Multiple Nodes: Strict Checking: false","Tue Jun 03 19:03:29 GMT 2025","passed","Tue Jun 03 19:03:29 GMT 2025","","","",""
"","1","Push message with custom timestamp: 1748980725337","Waku Light Push: Multiple Nodes: Strict Check: true","Tue Jun 03 19:08:54 GMT 2025","passed","Tue Jun 03 19:08:54 GMT 2025","","","",""
"","0","should return false when shard is not included in network shards","IWaku utils","Tue Jun 03 18:56:06 GMT 2025","passed","Tue Jun 03 18:56:06 GMT 2025","","isShardCompatible","",""
"","1","should wait for LightPush peer to be connected","waitForRemotePeer","Tue Jun 03 18:56:06 GMT 2025","passed","Tue Jun 03 18:56:06 GMT 2025","","","",""
"","0","Ordered Callback - true","Waku Store, order","Tue Jun 03 19:04:55 GMT 2025","passed","Tue Jun 03 19:04:55 GMT 2025","","","",""
"","0","Push message with custom timestamp: 1748973525337","Waku Light Push: Multiple Nodes: Strict Check: true","Tue Jun 03 19:08:54 GMT 2025","passed","Tue Jun 03 19:08:54 GMT 2025","","","",""
"","1","1 Store, 2 fetches","Fetch nodes until capabilities are fulfilled","Tue Jun 03 18:55:44 GMT 2025","passed","Tue Jun 03 18:55:44 GMT 2025","","","",""
"","1","Check message on other pubsub topic is not received","Waku Filter V2: FilterPush: Multiple Nodes: Strict Checking: true","Tue Jun 03 19:03:29 GMT 2025","passed","Tue Jun 03 19:03:29 GMT 2025","","","",""
"","1","Query with Promise Callback, Multiple PubsubTopics","Waku Store, error handling","Tue Jun 03 19:04:33 GMT 2025","passed","Tue Jun 03 19:04:33 GMT 2025","","","",""
"","0","Generator, 2 nwaku nodes each with different pubsubtopics","Waku Store (Autosharding), custom pubsub topic","Tue Jun 03 19:04:47 GMT 2025","skipped","Tue Jun 03 19:04:47 GMT 2025","","","",""
"","1","Push message with content topic containing shell command","Waku Light Push: Multiple Nodes: Strict Check: true","Tue Jun 03 19:08:54 GMT 2025","passed","Tue Jun 03 19:08:54 GMT 2025","","","",""
"","0","should be able to decode the field with RELAY and FILTER protocols set to true","ENR waku2 codec","Tue Jun 03 18:55:27 GMT 2025","passed","Tue Jun 03 18:55:27 GMT 2025","","Decoding","",""
"","0","Should update multiaddrs","Peer Exchange Continuous Discovery","Tue Jun 03 19:00:35 GMT 2025","passed","Tue Jun 03 19:00:35 GMT 2025","","","",""
"","0","should hash ""hello"" with n=2 and maxValue=100 correctly","hashN","Tue Jun 03 18:56:15 GMT 2025","passed","Tue Jun 03 18:56:15 GMT 2025","","","",""
"","0","Subscribe to topic containing XML and receive message","Waku Filter V2: Subscribe: Multiple Service Nodes: Strict Check mode: true","Tue Jun 03 19:05:42 GMT 2025","passed","Tue Jun 03 19:05:42 GMT 2025","","","",""
"","0","should hash ""!@#$%^&*()"" with n=2 and maxValue=10000 correctly","hashN","Tue Jun 03 18:56:15 GMT 2025","passed","Tue Jun 03 18:56:15 GMT 2025","","","",""
"","0","should hash ""Lorem ipsum dolor sit amet"" with n=1 and maxValue=1000 correctly","hashN","Tue Jun 03 18:56:15 GMT 2025","passed","Tue Jun 03 18:56:15 GMT 2025","","","",""
"","2","should enable only dns and localPeerCache when peerExchange is disabled","Default Peer Discoveries","Tue Jun 03 18:56:06 GMT 2025","passed","Tue Jun 03 18:56:06 GMT 2025","","","",""
"","0","should be sent without a timestamp, causal history, or bloom filter","MessageChannel","Tue Jun 03 18:56:16 GMT 2025","passed","Tue Jun 03 18:56:16 GMT 2025","","Ephemeral messages","",""
"","0","Check message on other pubsub topic is not received","Waku Filter V2: FilterPush: Multiple Nodes: Strict Checking: false","Tue Jun 03 19:03:29 GMT 2025","passed","Tue Jun 03 19:03:29 GMT 2025","","","",""
"","2","Renews subscription after lossing a connection","Waku Filter Next: Subscribe: Multiple Service Nodes: Strict Check mode: true","Tue Jun 03 19:05:09 GMT 2025","passed","Tue Jun 03 19:05:09 GMT 2025","","","",""
"","1","Subscribe to topic containing JSON and receive message","Waku Filter V2: Subscribe: Multiple Service Nodes: Strict Check mode: true","Tue Jun 03 19:05:42 GMT 2025","passed","Tue Jun 03 19:05:42 GMT 2025","","","",""
"","0","Unsubscribes all - node subscribed to 10 topics","Waku Filter V2: Unsubscribe: Multiple Nodes: Strict Checking: false","Tue Jun 03 18:59:28 GMT 2025","passed","Tue Jun 03 18:59:28 GMT 2025","","","",""
"","0","should hash ""!@#$%^&*()"" with n=2 and maxValue=1000 correctly","hashN","Tue Jun 03 18:56:15 GMT 2025","passed","Tue Jun 03 18:56:15 GMT 2025","","","",""
"","1","rejects content-filtered query with only contentTopics","StoreQueryRequest validation","Tue Jun 03 18:55:36 GMT 2025","passed","Tue Jun 03 18:55:36 GMT 2025","","","",""
"","2","Relay","ENR Interop: ServiceNode","Tue Jun 03 18:56:37 GMT 2025","passed","Tue Jun 03 18:56:37 GMT 2025","","","",""
"","0","Fails to push message with large meta","Waku Light Push: Multiple Nodes: Strict Check: true","Tue Jun 03 19:08:54 GMT 2025","passed","Tue Jun 03 19:08:54 GMT 2025","","","",""
"","0","Renews subscription after lossing a connection","Waku Filter Next: Subscribe: Multiple Service Nodes: Strict Check mode: false","Tue Jun 03 19:05:09 GMT 2025","passed","Tue Jun 03 19:05:09 GMT 2025","","","",""
"","0","Should fail to subscribe with decoder with wrong shard","Waku Filter Next: Subscribe: Multiple Service Nodes: Strict Check mode: true","Tue Jun 03 19:05:09 GMT 2025","passed","Tue Jun 03 19:05:09 GMT 2025","","","",""
"","1","handles empty shards array correctly","ensureShardingConfigured","Tue Jun 03 18:55:21 GMT 2025","passed","Tue Jun 03 18:55:21 GMT 2025","","","",""
"","1","should properly create location multiaddrs - tcp4","ENR","Tue Jun 03 18:55:28 GMT 2025","passed","Tue Jun 03 18:55:28 GMT 2025","","Location multiaddr","",""
"","1","Check received message with timestamp: 1748976992421 ","Waku Filter Next: FilterPush: Multiple Nodes: Strict Checking: true","Tue Jun 03 19:04:05 GMT 2025","passed","Tue Jun 03 19:04:05 GMT 2025","","","",""
"","1","Passing a valid cursor at 2 index when there are 4 messages","Waku Store, cursor","Tue Jun 03 19:04:20 GMT 2025","passed","Tue Jun 03 19:04:20 GMT 2025","","","",""
"","0","Check received message containing numeric","Waku Filter Next: FilterPush: Multiple Nodes: Strict Checking: false","Tue Jun 03 19:04:05 GMT 2025","passed","Tue Jun 03 19:04:05 GMT 2025","","","",""
"","1","msgTime: -19000 ms from now, startTime: -18999, endTime: -18996","Waku Store, time filter","Tue Jun 03 19:05:27 GMT 2025","passed","Tue Jun 03 19:05:27 GMT 2025","","","",""
"","0","Non TWN Cluster","Autosharding: Running Nodes","Tue Jun 03 19:03:51 GMT 2025","passed","Tue Jun 03 19:03:51 GMT 2025","","","",""
"","0","Generator, custom pubsub topic","Waku Store (named sharding), custom pubsub topic","Tue Jun 03 19:04:47 GMT 2025","passed","Tue Jun 03 19:04:47 GMT 2025","","","",""
"","1","should throw error when subscribing with unsupported pubsub topic","Filter SDK","Tue Jun 03 18:56:06 GMT 2025","passed","Tue Jun 03 18:56:06 GMT 2025","","","",""
"","1","Push message with custom timestamp: 1748980725338","Waku Light Push: Multiple Nodes: Strict Check: false","Tue Jun 03 19:08:54 GMT 2025","passed","Tue Jun 03 19:08:54 GMT 2025","","","",""
"","0","Does not throw an exception when node disconnects","Waku Dial [node only]","Tue Jun 03 19:05:21 GMT 2025","passed","Tue Jun 03 19:05:21 GMT 2025","","Interop: ServiceNode","",""
"","0","Check message with no pubsub topic is not received","Waku Filter V2: FilterPush: Multiple Nodes: Strict Checking: false","Tue Jun 03 19:03:29 GMT 2025","passed","Tue Jun 03 19:03:29 GMT 2025","","","",""
"","1","Subscribe to topic containing unicode special characters and receive message","Waku Filter V2: Subscribe: Multiple Service Nodes: Strict Check mode: true","Tue Jun 03 19:05:42 GMT 2025","passed","Tue Jun 03 19:05:42 GMT 2025","","","",""
"","0","should update lamport timestamp if greater than current timestamp and dependencies are met","MessageChannel","Tue Jun 03 18:56:16 GMT 2025","passed","Tue Jun 03 18:56:16 GMT 2025","","receiving a message","",""
"","1","Push message with content topic containing Russian","Waku Light Push: Multiple Nodes: Strict Check: true","Tue Jun 03 19:08:54 GMT 2025","passed","Tue Jun 03 19:08:54 GMT 2025","","","",""
"","0","Renews subscription after lossing a connection","Waku Filter V2: Subscribe: Multiple Service Nodes: Strict Check mode: false","Tue Jun 03 19:05:42 GMT 2025","passed","Tue Jun 03 19:05:42 GMT 2025","","","",""
"","0","should hash ""!@#$%^&*()"" with n=0 and maxValue=10000 correctly","hashN","Tue Jun 03 18:56:15 GMT 2025","passed","Tue Jun 03 18:56:15 GMT 2025","","","",""
"","1","random static sharding 10 - Cluster ID: 584, Shard ID: 37","Static Sharding: Running Nodes","Tue Jun 03 19:05:47 GMT 2025","passed","Tue Jun 03 19:05:47 GMT 2025","","","",""
"","0","Push message with shell command payload","Waku Light Push: Multiple Nodes: Strict Check: true","Tue Jun 03 19:08:54 GMT 2025","passed","Tue Jun 03 19:08:54 GMT 2025","","","",""
"","0","start node with empty shard should fail","Static Sharding: Running Nodes","Tue Jun 03 19:05:47 GMT 2025","passed","Tue Jun 03 19:05:47 GMT 2025","","Others","",""
"","0","Push message with content topic containing long","Waku Light Push: Multiple Nodes: Strict Check: true","Tue Jun 03 19:08:54 GMT 2025","passed","Tue Jun 03 19:08:54 GMT 2025","","","",""
"","0","Subscribe to topic containing short and receive message","Waku Filter Next: Subscribe: Multiple Service Nodes: Strict Check mode: false","Tue Jun 03 19:05:09 GMT 2025","passed","Tue Jun 03 19:05:09 GMT 2025","","","",""
"","1","Fails to publish message with size larger than 1 MB","Waku Relay, Publish","Tue Jun 03 19:01:56 GMT 2025","passed","Tue Jun 03 19:01:56 GMT 2025","","","",""
"","0","Check received message containing shell command","Waku Filter Next: FilterPush: Multiple Nodes: Strict Checking: true","Tue Jun 03 19:04:05 GMT 2025","passed","Tue Jun 03 19:04:05 GMT 2025","","","",""
"","1","should process correctly when SingleShardInfo has no clusterId but has a shard","determinePubsubTopic","Tue Jun 03 18:55:21 GMT 2025","passed","Tue Jun 03 18:55:21 GMT 2025","","","",""
"","0","should be able to encode the field with only STORE set to true","ENR waku2 codec","Tue Jun 03 18:55:27 GMT 2025","passed","Tue Jun 03 18:55:27 GMT 2025","","Encoding","",""
"","1","Passing invalid cursor","Waku Store, cursor","Tue Jun 03 19:04:20 GMT 2025","passed","Tue Jun 03 19:04:20 GMT 2025","","","",""
"","1","non connected peers","Peer Exchange Query","Tue Jun 03 19:01:31 GMT 2025","skipped","Tue Jun 03 19:01:31 GMT 2025","","","",""
"","0","Push message with Russian payload","Waku Light Push: Multiple Nodes: Strict Check: true","Tue Jun 03 19:08:54 GMT 2025","passed","Tue Jun 03 19:08:54 GMT 2025","","","",""
"","1","should not receive a peer event before start","DNS Discovery: Compliance Test","Tue Jun 03 18:56:37 GMT 2025","passed","Tue Jun 03 18:56:37 GMT 2025","","interface-peer-discovery compliance tests","",""
"","0","should be able to decode the field with only LIGHTPUSH set to true","ENR waku2 codec","Tue Jun 03 18:55:27 GMT 2025","passed","Tue Jun 03 18:55:27 GMT 2025","","Decoding","",""
"","0","should hash ""hello"" with n=1 and maxValue=10000 correctly","hashN","Tue Jun 03 18:56:15 GMT 2025","passed","Tue Jun 03 18:56:15 GMT 2025","","","",""
"","1","should use shardsUnderCluster when provided","IWaku utils","Tue Jun 03 18:56:06 GMT 2025","passed","Tue Jun 03 18:56:06 GMT 2025","","decoderParamsToShardInfo","",""
"","0","Push message with Basic HTML tag payload","Waku Light Push: Multiple Nodes: Strict Check: false","Tue Jun 03 19:08:54 GMT 2025","passed","Tue Jun 03 19:08:54 GMT 2025","","","",""
"","0","Subscribe and receive symmetrically encrypted messages via lightPush","Waku Filter Next: Subscribe: Multiple Service Nodes: Strict Check mode: false","Tue Jun 03 19:05:09 GMT 2025","passed","Tue Jun 03 19:05:09 GMT 2025","","","",""
"","1","Subscribe and receive symmetrically encrypted messages via lightPush","Waku Filter Next: Subscribe: Multiple Service Nodes: Strict Check mode: true","Tue Jun 03 19:05:09 GMT 2025","passed","Tue Jun 03 19:05:09 GMT 2025","","","",""
"","0","using a protocol with unconfigured pubsub topic should fail","Static Sharding: Running Nodes","Tue Jun 03 19:05:47 GMT 2025","passed","Tue Jun 03 19:05:47 GMT 2025","","Others","",""
"","1","Check publish message containing short","Waku Relay, Publish","Tue Jun 03 19:01:56 GMT 2025","passed","Tue Jun 03 19:01:56 GMT 2025","","","",""
"","3","should hash ""hello"" with n=2 and maxValue=1000 correctly","hashN","Tue Jun 03 18:56:15 GMT 2025","passed","Tue Jun 03 18:56:15 GMT 2025","","","",""
"","1","handles multiple messages","Util: toAsyncIterator: Filter","Tue Jun 03 19:05:14 GMT 2025","passed","Tue Jun 03 19:05:14 GMT 2025","","","",""
"","1","different cluster, different shard: nodes don't connect","Metadata Protocol","Tue Jun 03 18:59:56 GMT 2025","passed","Tue Jun 03 18:59:56 GMT 2025","","connections","",""
"","1","Push message with numeric payload","Waku Light Push: Multiple Nodes: Strict Check: false","Tue Jun 03 19:08:54 GMT 2025","passed","Tue Jun 03 19:08:54 GMT 2025","","","",""
"","0","should emit a peer event after start","DNS Discovery: Compliance Test","Tue Jun 03 18:56:37 GMT 2025","passed","Tue Jun 03 18:56:37 GMT 2025","","interface-peer-discovery compliance tests","",""
"","0","should increase lamport timestamp","MessageChannel","Tue Jun 03 18:56:16 GMT 2025","passed","Tue Jun 03 18:56:16 GMT 2025","","sending a message ","",""
"","0","should not be empty after adding a subscription","Filter Subscription","Tue Jun 03 18:56:06 GMT 2025","passed","Tue Jun 03 18:56:06 GMT 2025","","","",""
"","0","should retry on complete failure if specified","LightPush SDK","Tue Jun 03 18:56:05 GMT 2025","passed","Tue Jun 03 18:56:05 GMT 2025","","","",""
"","0","should return Multiaddr when Multiaddr input is provided","IWaku utils","Tue Jun 03 18:56:06 GMT 2025","passed","Tue Jun 03 18:56:06 GMT 2025","","mapToPeerIdOrMultiaddr","",""
"","1","passes more than one ENR URLs and attempts connection","DNS Node Discovery [live data]","Tue Jun 03 18:56:37 GMT 2025","skipped","Tue Jun 03 18:56:37 GMT 2025","","","",""
"","0","configure the node with multiple content topics","Autosharding: Running Nodes","Tue Jun 03 19:03:51 GMT 2025","passed","Tue Jun 03 19:03:51 GMT 2025","","","",""
"","0","should send to specified number of peers of used peers","LightPush SDK","Tue Jun 03 18:56:05 GMT 2025","passed","Tue Jun 03 18:56:05 GMT 2025","","","",""
"","1","should throw an error for non-numeric clusterId: /waku/2/rs/\/1","pubsubTopicToSingleShardInfo with various invalid formats","Tue Jun 03 18:55:21 GMT 2025","passed","Tue Jun 03 18:55:21 GMT 2025","","","",""
"","1","Callback on promise, aborts when callback returns true","Waku Store, general","Tue Jun 03 19:05:02 GMT 2025","passed","Tue Jun 03 19:05:02 GMT 2025","","","",""
"","0","Unsubscribe 2 topics - node subscribed to 2 topics","Waku Filter V2: Unsubscribe: Multiple Nodes: Strict Checking: true","Tue Jun 03 18:59:28 GMT 2025","passed","Tue Jun 03 18:59:28 GMT 2025","","","",""
"","0","should return the correct m/n for k = 7, targetError = 0.001","Probabilities","Tue Jun 03 18:56:15 GMT 2025","passed","Tue Jun 03 18:56:15 GMT 2025","","","",""
"","1","should transition to Unhealthy when no connections","HealthIndicator","Tue Jun 03 18:56:06 GMT 2025","passed","Tue Jun 03 18:56:06 GMT 2025","","","",""
"","0","Push message with content topic containing emoji","Waku Light Push: Multiple Nodes: Strict Check: true","Tue Jun 03 19:08:54 GMT 2025","passed","Tue Jun 03 19:08:54 GMT 2025","","","",""
"","0","Subscribe and receive messages via waku relay post","Waku Filter V2: Subscribe: Multiple Service Nodes: Strict Check mode: false","Tue Jun 03 19:05:42 GMT 2025","passed","Tue Jun 03 19:05:42 GMT 2025","","","",""
"","1","Subscribe to topic containing XML and receive message","Waku Filter V2: Subscribe: Multiple Service Nodes: Strict Check mode: false","Tue Jun 03 19:05:42 GMT 2025","passed","Tue Jun 03 19:05:42 GMT 2025","","","",""
"","1","Publish message with custom timestamp: Sun Dec 17 1995 03:24:00 GMT+0000 (Coordinated Universal Time)","Waku Relay, Publish","Tue Jun 03 19:01:56 GMT 2025","passed","Tue Jun 03 19:01:56 GMT 2025","","","",""
"","0","Check message with no payload is not received","Waku Filter Next: FilterPush: Multiple Nodes: Strict Checking: true","Tue Jun 03 19:04:05 GMT 2025","passed","Tue Jun 03 19:04:05 GMT 2025","","","",""
"","1","A test","This","Tue Jun 03 18:59:46 GMT 2025","passed","Tue Jun 03 18:59:46 GMT 2025","","Is also","",""
"","1","should correctly map /app/22/sometopic/someencoding to shard index 2","contentTopicToShardIndex","Tue Jun 03 18:55:21 GMT 2025","passed","Tue Jun 03 18:55:21 GMT 2025","","","",""
"","0","Check received message containing SQL Injection","Waku Filter Next: FilterPush: Multiple Nodes: Strict Checking: false","Tue Jun 03 19:04:05 GMT 2025","passed","Tue Jun 03 19:04:05 GMT 2025","","","",""
"","0","different cluster, same shard: nodes don't connect","Metadata Protocol","Tue Jun 03 18:59:56 GMT 2025","passed","Tue Jun 03 18:59:56 GMT 2025","","connections","",""
"","0","should partition messages based on acknowledgement status","MessageChannel","Tue Jun 03 18:56:16 GMT 2025","passed","Tue Jun 03 18:56:16 GMT 2025","","Sweeping outgoing buffer","",""
"","0","Using a function","Waku Dial [node only]","Tue Jun 03 19:05:21 GMT 2025","passed","Tue Jun 03 19:05:21 GMT 2025","","Bootstrap","",""
"","0","random static sharding 2 - Cluster ID: 348, Shard ID: 944","Static Sharding: Running Nodes","Tue Jun 03 19:05:47 GMT 2025","passed","Tue Jun 03 19:05:47 GMT 2025","","","",""
"","0","should be empty after removing the only subscription","Filter Subscription","Tue Jun 03 18:56:06 GMT 2025","passed","Tue Jun 03 18:56:06 GMT 2025","","","",""
"","0","Publish without waiting for remote peer","Waku Relay, Subscribe","Tue Jun 03 19:02:06 GMT 2025","passed","Tue Jun 03 19:02:06 GMT 2025","","","",""
"","0","Check message received after old nwaku nodes are not available and new are created","Waku Filter Next: FilterPush: Multiple Nodes: Strict Checking: true","Tue Jun 03 19:04:05 GMT 2025","passed","Tue Jun 03 19:04:05 GMT 2025","","","",""
"","0","Subscribe and receive messages on 2 different content topics","Waku Filter V2: Subscribe: Multiple Service Nodes: Strict Check mode: true","Tue Jun 03 19:05:42 GMT 2025","passed","Tue Jun 03 19:05:42 GMT 2025","","","",""
"","0","should detect messages with missing dependencies","MessageChannel","Tue Jun 03 18:56:16 GMT 2025","passed","Tue Jun 03 18:56:16 GMT 2025","","Sweeping incoming buffer","",""
"","0","Check received message containing numeric","Waku Filter V2: FilterPush: Multiple Nodes: Strict Checking: true","Tue Jun 03 19:03:29 GMT 2025","passed","Tue Jun 03 19:03:29 GMT 2025","","","",""
"","0","Check received message containing emoji","Waku Filter V2: FilterPush: Multiple Nodes: Strict Checking: true","Tue Jun 03 19:03:29 GMT 2025","passed","Tue Jun 03 19:03:29 GMT 2025","","","",""
"","0","should hash """" with n=5 and maxValue=10000 correctly","hashN","Tue Jun 03 18:56:15 GMT 2025","passed","Tue Jun 03 18:56:15 GMT 2025","","","",""
"","1","Unsubscribe 2 topics - node subscribed to 2 topics","Waku Filter V2: Unsubscribe: Multiple Nodes: Strict Checking: false","Tue Jun 03 18:59:28 GMT 2025","passed","Tue Jun 03 18:59:28 GMT 2025","","","",""
"","0","Push message with numeric payload","Waku Light Push: Multiple Nodes: Strict Check: true","Tue Jun 03 19:08:54 GMT 2025","passed","Tue Jun 03 19:08:54 GMT 2025","","","",""
"","2","Fields are not dropped","to proto message","Tue Jun 03 18:55:36 GMT 2025","passed","Tue Jun 03 18:55:36 GMT 2025","","","",""
"","1","Sign & Recover","Waku Encryption","Tue Jun 03 18:55:55 GMT 2025","passed","Tue Jun 03 18:55:55 GMT 2025","","","",""
"","1","should correctly map /app/20/sometopic/someencoding to shard index 1 with networkShards 2","contentTopicToShardIndex","Tue Jun 03 18:55:21 GMT 2025","passed","Tue Jun 03 18:55:21 GMT 2025","","","",""
"","0","Subscribe and receive 2 messages on the same topic","Waku Filter V2: Subscribe: Multiple Service Nodes: Strict Check mode: false","Tue Jun 03 19:05:42 GMT 2025","passed","Tue Jun 03 19:05:42 GMT 2025","","","",""
"","0","random auto sharding 8 - Cluster ID: 10, Content Topic: /app17/7/topic124/utf8","Autosharding: Running Nodes","Tue Jun 03 19:03:51 GMT 2025","passed","Tue Jun 03 19:03:51 GMT 2025","","","",""
"","0","Push message with unicode special characters payload","Waku Light Push: Multiple Nodes: Strict Check: true","Tue Jun 03 19:08:54 GMT 2025","passed","Tue Jun 03 19:08:54 GMT 2025","","","",""
"","0","Check publish message containing Chinese","Waku Relay, Publish","Tue Jun 03 19:01:56 GMT 2025","passed","Tue Jun 03 19:01:56 GMT 2025","","","",""
"","1","Check message with no payload is not received","Waku Filter Next: FilterPush: Multiple Nodes: Strict Checking: false","Tue Jun 03 19:04:05 GMT 2025","passed","Tue Jun 03 19:04:05 GMT 2025","","","",""
"","1","should throw an error for invalid PubsubTopic format: /waku/1/rs/1/2","pubsubTopicToSingleShardInfo with various invalid formats","Tue Jun 03 18:55:21 GMT 2025","passed","Tue Jun 03 18:55:21 GMT 2025","","","",""
"","1","should remove expired entries after TTL has passed","TTLSet","Tue Jun 03 18:56:04 GMT 2025","passed","Tue Jun 03 18:56:04 GMT 2025","","","",""
"","1","Check received message containing emoji","Waku Filter Next: FilterPush: Multiple Nodes: Strict Checking: true","Tue Jun 03 19:04:05 GMT 2025","passed","Tue Jun 03 19:04:05 GMT 2025","","","",""
"","1","Query generator for multiple messages with multiple decoders","Waku Store, general","Tue Jun 03 19:05:02 GMT 2025","passed","Tue Jun 03 19:05:02 GMT 2025","","","",""
"","1","Unsubscribe topics the node is not subscribed to","Waku Filter Next: Unsubscribe: Multiple Nodes: Strict Checking: false","Tue Jun 03 18:58:45 GMT 2025","passed","Tue Jun 03 18:58:45 GMT 2025","","","",""
"","0","should hash """" with n=2 and maxValue=100 correctly","hashN","Tue Jun 03 18:56:15 GMT 2025","passed","Tue Jun 03 18:56:15 GMT 2025","","","",""
"","1","should hash ""!@#$%^&*()"" with n=1 and maxValue=10000 correctly","hashN","Tue Jun 03 18:56:15 GMT 2025","passed","Tue Jun 03 18:56:15 GMT 2025","","","",""
"","0","Waku message hash computation (meta size of 12 bytes)","Message Hash: RFC Test Vectors","Tue Jun 03 18:55:36 GMT 2025","passed","Tue Jun 03 18:55:36 GMT 2025","","","",""
"","1","Subscribe to topic containing Script and receive message","Waku Filter V2: Subscribe: Multiple Service Nodes: Strict Check mode: true","Tue Jun 03 19:05:42 GMT 2025","passed","Tue Jun 03 19:05:42 GMT 2025","","","",""
"","0","should return PeerId when PeerId is provided","IWaku utils","Tue Jun 03 18:56:06 GMT 2025","passed","Tue Jun 03 18:56:06 GMT 2025","","mapToPeerIdOrMultiaddr","",""
"","0","Unsubscribe topics the node is not subscribed to","Waku Filter V2: Unsubscribe: Multiple Nodes: Strict Checking: false","Tue Jun 03 18:59:28 GMT 2025","passed","Tue Jun 03 18:59:28 GMT 2025","","","",""
"","1","Fails to push message bigger that 1MB","Waku Light Push: Multiple Nodes: Strict Check: true","Tue Jun 03 19:08:54 GMT 2025","passed","Tue Jun 03 19:08:54 GMT 2025","","","",""
"","0","Push message with content topic containing JSON","Waku Light Push: Multiple Nodes: Strict Check: true","Tue Jun 03 19:08:54 GMT 2025","passed","Tue Jun 03 19:08:54 GMT 2025","","","",""
"","0","Wrong topic","Autosharding: Running Nodes","Tue Jun 03 19:03:51 GMT 2025","passed","Tue Jun 03 19:03:51 GMT 2025","","","",""
"","0","Subscribe and receive messages via waku relay post","Waku Filter Next: Subscribe: Multiple Service Nodes: Strict Check mode: true","Tue Jun 03 19:05:09 GMT 2025","passed","Tue Jun 03 19:05:09 GMT 2025","","","",""
"","1","ENRTree (root): should error if DNS root entry is mis-prefixed","ENRTree","Tue Jun 03 18:55:44 GMT 2025","passed","Tue Jun 03 18:55:44 GMT 2025","","","",""
"","0","Query Generator  - true","Waku Store, order","Tue Jun 03 19:04:55 GMT 2025","passed","Tue Jun 03 19:04:55 GMT 2025","","","",""
"","0","Subscribe to topic containing Basic HTML tag and receive message","Waku Filter Next: Subscribe: Multiple Service Nodes: Strict Check mode: true","Tue Jun 03 19:05:09 GMT 2025","passed","Tue Jun 03 19:05:09 GMT 2025","","","",""
"","4","Unsubscribe 2 topics - node subscribed to 2 topics","Waku Filter Next: Unsubscribe: Multiple Nodes: Strict Checking: false","Tue Jun 03 18:58:45 GMT 2025","passed","Tue Jun 03 18:58:45 GMT 2025","","","",""
"","3","3 nodes on /waku/2/rs/3/1 topic","Waku Relay, multiple pubsub topics","Tue Jun 03 19:01:48 GMT 2025","passed","Tue Jun 03 19:01:48 GMT 2025","","","",""
"","1","Subscribe and receive messages via lightPush","Waku Filter Next: Subscribe: Multiple Service Nodes: Strict Check mode: false","Tue Jun 03 19:05:09 GMT 2025","passed","Tue Jun 03 19:05:09 GMT 2025","","","",""
"","1","should emit `peer:discovery:peer-exchange` event when a peer is discovered","Events","Tue Jun 03 18:56:33 GMT 2025","passed","Tue Jun 03 18:56:33 GMT 2025","","peer:discovery","",""
"","1","Check publish message containing SQL Injection","Waku Relay, Publish","Tue Jun 03 19:01:56 GMT 2025","passed","Tue Jun 03 19:01:56 GMT 2025","","","",""
"","0","should return valid sharding parameters for content topics autosharding","ensureShardingConfigured","Tue Jun 03 18:55:21 GMT 2025","passed","Tue Jun 03 18:55:21 GMT 2025","","","",""
"","0","Push message with meta","Waku Light Push: Multiple Nodes: Strict Check: true","Tue Jun 03 19:08:54 GMT 2025","passed","Tue Jun 03 19:08:54 GMT 2025","","","",""
"","0","Push message with XML payload","Waku Light Push: Multiple Nodes: Strict Check: false","Tue Jun 03 19:08:54 GMT 2025","passed","Tue Jun 03 19:08:54 GMT 2025","","","",""
"","0","random static sharding 6 - Cluster ID: 90, Shard ID: 864","Static Sharding: Running Nodes","Tue Jun 03 19:05:47 GMT 2025","passed","Tue Jun 03 19:05:47 GMT 2025","","","",""
"","0","Sets default value correctly","User Agent","Tue Jun 03 19:05:21 GMT 2025","passed","Tue Jun 03 19:05:21 GMT 2025","","","",""
"","0","stop","Public methods","Tue Jun 03 18:57:13 GMT 2025","passed","Tue Jun 03 18:57:13 GMT 2025","","","",""
"","0","throws on empty content topic","ensureValidContentTopic","Tue Jun 03 18:55:21 GMT 2025","passed","Tue Jun 03 18:55:21 GMT 2025","","","",""
"","0","Check received message with timestamp: 1748976992355000000 ","Waku Filter V2: FilterPush: Multiple Nodes: Strict Checking: true","Tue Jun 03 19:03:29 GMT 2025","passed","Tue Jun 03 19:03:29 GMT 2025","","","",""
"","0","random auto sharding 3 - Cluster ID: 10, Content Topic: /app54/5/topic127/json","Autosharding: Running Nodes","Tue Jun 03 19:03:51 GMT 2025","passed","Tue Jun 03 19:03:51 GMT 2025","","","",""
"","0","should get / set TCP multiaddr","ENR","Tue Jun 03 18:55:28 GMT 2025","passed","Tue Jun 03 18:55:28 GMT 2025","","Multiaddr getters and setters","",""
"","1","3 nodes on /waku/2/rs/3/2 topic","Waku Relay, multiple pubsub topics","Tue Jun 03 19:01:48 GMT 2025","passed","Tue Jun 03 19:01:48 GMT 2025","","","",""
"","0","should map different content topics to different pubsub topics based on shard index","contentTopicToPubsubTopic","Tue Jun 03 18:55:21 GMT 2025","passed","Tue Jun 03 18:55:21 GMT 2025","","","",""
"","1","Push message with content topic containing Script","Waku Light Push: Multiple Nodes: Strict Check: true","Tue Jun 03 19:08:54 GMT 2025","passed","Tue Jun 03 19:08:54 GMT 2025","","","",""
"","0","should retrieve 3 multiaddrs for test.waku.nodes.status.im","DNS Node Discovery [live data]","Tue Jun 03 18:55:45 GMT 2025","skipped","Tue Jun 03 18:55:45 GMT 2025","","","",""
"","0","peer:update - should schedule stream creation IF protocol hit AND no stream found on connection","StreamManager","Tue Jun 03 18:55:36 GMT 2025","passed","Tue Jun 03 18:55:36 GMT 2025","","","",""
"","1","Waku message hash computation (meta size of 64 bytes)","Message Hash: RFC Test Vectors","Tue Jun 03 18:55:36 GMT 2025","passed","Tue Jun 03 18:55:36 GMT 2025","","","",""
"","0","should enable only peerExchange and localPeerCache when dns is disabled","Default Peer Discoveries","Tue Jun 03 18:56:06 GMT 2025","passed","Tue Jun 03 18:56:06 GMT 2025","","","",""
"","0","Subscribe to topic containing escaped characters and receive message","Waku Filter Next: Subscribe: Multiple Service Nodes: Strict Check mode: true","Tue Jun 03 19:05:09 GMT 2025","passed","Tue Jun 03 19:05:09 GMT 2025","","","",""
"","0","throws on content topic with empty topic name field","ensureValidContentTopic","Tue Jun 03 18:55:21 GMT 2025","passed","Tue Jun 03 18:55:21 GMT 2025","","","",""
"","0","Check received message containing escaped characters","Waku Filter V2: FilterPush: Multiple Nodes: Strict Checking: false","Tue Jun 03 19:03:29 GMT 2025","passed","Tue Jun 03 19:03:29 GMT 2025","","","",""
"","1","Push message with Chinese payload","Waku Light Push: Multiple Nodes: Strict Check: true","Tue Jun 03 19:08:54 GMT 2025","passed","Tue Jun 03 19:08:54 GMT 2025","","","",""
"","0","Subscribe to 30 topics in separate streams (30 streams for Filter is limit) at once and receives messages","Waku Filter Next: Subscribe: Multiple Service Nodes: Strict Check mode: true","Tue Jun 03 19:05:09 GMT 2025","skipped","Tue Jun 03 19:05:09 GMT 2025","","","",""
"","0","should correctly map /0/statusim/1/community/cbor to shard index 4","contentTopicToShardIndex","Tue Jun 03 18:55:21 GMT 2025","passed","Tue Jun 03 18:55:21 GMT 2025","","","",""
"","0","should properly compute the node id","ENR","Tue Jun 03 18:55:28 GMT 2025","passed","Tue Jun 03 18:55:28 GMT 2025","","Static tests","",""
"","0","should be called for bootstrap peers","Dials","Tue Jun 03 18:56:40 GMT 2025","passed","Tue Jun 03 18:56:40 GMT 2025","For bootstrap peers","dialPeer method","",""
"","1","Check received message containing XML","Waku Filter Next: FilterPush: Multiple Nodes: Strict Checking: false","Tue Jun 03 19:04:05 GMT 2025","passed","Tue Jun 03 19:04:05 GMT 2025","","","",""
"","1","should successfully subscribe to supported pubsub topic","Filter SDK","Tue Jun 03 18:56:06 GMT 2025","passed","Tue Jun 03 18:56:06 GMT 2025","","","",""
"","0","px service nodes not subscribed to the shard should not be dialed","Autosharding: Peer Management","Tue Jun 03 19:04:28 GMT 2025","passed","Tue Jun 03 19:04:28 GMT 2025","","Peer Exchange","",""
"","1","isConnected between 2 js-waku relay nodes","Connection state","Tue Jun 03 18:56:51 GMT 2025","passed","Tue Jun 03 18:56:51 GMT 2025","","","",""
"","0","Subscribe and receives messages on 20 topics","Waku Filter V2: Subscribe: Multiple Service Nodes: Strict Check mode: true","Tue Jun 03 19:05:42 GMT 2025","passed","Tue Jun 03 19:05:42 GMT 2025","","","",""
"","1","Check received message containing Script","Waku Filter Next: FilterPush: Multiple Nodes: Strict Checking: true","Tue Jun 03 19:04:05 GMT 2025","passed","Tue Jun 03 19:04:05 GMT 2025","","","",""
"","0","Subscribe one by one to 100 topics and publish messages","Waku Relay, Subscribe","Tue Jun 03 19:02:06 GMT 2025","passed","Tue Jun 03 19:02:06 GMT 2025","","","",""
"","0","Push message with content topic containing Chinese","Waku Light Push: Multiple Nodes: Strict Check: true","Tue Jun 03 19:08:54 GMT 2025","passed","Tue Jun 03 19:08:54 GMT 2025","","","",""
"","1","should hash ""Lorem ipsum dolor sit amet"" with n=2 and maxValue=100 correctly","hashN","Tue Jun 03 18:56:15 GMT 2025","passed","Tue Jun 03 18:56:15 GMT 2025","","","",""
"","1","Check received message containing JSON","Waku Filter V2: FilterPush: Multiple Nodes: Strict Checking: false","Tue Jun 03 19:03:29 GMT 2025","passed","Tue Jun 03 19:03:29 GMT 2025","","","",""
"","0","Unsubscribe from 100 topics (new limit) at once and receives messages","Waku Filter Next: Unsubscribe: Multiple Nodes: Strict Checking: true","Tue Jun 03 18:58:45 GMT 2025","passed","Tue Jun 03 18:58:45 GMT 2025","","","",""
"","0","should handle task timeouts","RetryManager","Tue Jun 03 18:56:05 GMT 2025","passed","Tue Jun 03 18:56:05 GMT 2025","","","",""
"","1","should return false when unsubscribing from a non-existing subscription","Filter SDK","Tue Jun 03 18:56:06 GMT 2025","passed","Tue Jun 03 18:56:06 GMT 2025","","","",""
"","0","Push message with custom timestamp: 1748973525338","Waku Light Push: Multiple Nodes: Strict Check: false","Tue Jun 03 19:08:54 GMT 2025","passed","Tue Jun 03 19:08:54 GMT 2025","","","",""
"","1","should only return 1 node with store capability","DNS Node Discovery w/ capabilities","Tue Jun 03 18:55:45 GMT 2025","passed","Tue Jun 03 18:55:45 GMT 2025","","","",""
"","0","accepts valid message hash query","StoreQueryRequest validation","Tue Jun 03 18:55:36 GMT 2025","passed","Tue Jun 03 18:55:36 GMT 2025","","","",""
"","1","msgTime: -19000 ms from now, startTime: -19000, endTime: -18000","Waku Store, time filter","Tue Jun 03 19:05:27 GMT 2025","passed","Tue Jun 03 19:05:27 GMT 2025","","","",""
"","0","should encodeTxt and decodeTxt","ENR","Tue Jun 03 18:55:28 GMT 2025","passed","Tue Jun 03 18:55:28 GMT 2025","","Txt codec","",""
"","0","should add received messages to bloom filter","MessageChannel","Tue Jun 03 18:56:16 GMT 2025","passed","Tue Jun 03 18:56:16 GMT 2025","","receiving a message","",""
"","0","Cluster ID 0 - Default/Global Cluster","Static Sharding: Running Nodes","Tue Jun 03 19:05:47 GMT 2025","passed","Tue Jun 03 19:05:47 GMT 2025","","","",""
"","0","should throw error - invalid id","ENR","Tue Jun 03 18:55:28 GMT 2025","passed","Tue Jun 03 18:55:28 GMT 2025","","Verify","",""
"","0","Subscribe to topic containing SQL Injection and receive message","Waku Filter V2: Subscribe: Multiple Service Nodes: Strict Check mode: false","Tue Jun 03 19:05:42 GMT 2025","passed","Tue Jun 03 19:05:42 GMT 2025","","","",""
"","0","Round trip binary serialization","Waku Message version 0","Tue Jun 03 18:55:37 GMT 2025","passed","Tue Jun 03 18:55:37 GMT 2025","","","",""
"","0","should not throw an error when the topic is within a list of configured topics","ensurePubsubTopicIsConfigured","Tue Jun 03 18:55:21 GMT 2025","passed","Tue Jun 03 18:55:21 GMT 2025","","","",""
"","0","should properly create location multiaddrs - udp6","ENR","Tue Jun 03 18:55:28 GMT 2025","passed","Tue Jun 03 18:55:28 GMT 2025","","Location multiaddr","",""
"","0","Push message equal or less that 1MB","Waku Light Push: Multiple Nodes: Strict Check: false","Tue Jun 03 19:08:54 GMT 2025","passed","Tue Jun 03 19:08:54 GMT 2025","","","",""
"","3","Subscribe to topic containing SQL Injection and receive message","Waku Filter Next: Subscribe: Multiple Service Nodes: Strict Check mode: false","Tue Jun 03 19:05:09 GMT 2025","passed","Tue Jun 03 19:05:09 GMT 2025","","","",""
"","1","should successfully stop","Filter SDK","Tue Jun 03 18:56:06 GMT 2025","passed","Tue Jun 03 18:56:06 GMT 2025","","","",""
"","0","Subscribe to topic containing Russian and receive message","Waku Filter V2: Subscribe: Multiple Service Nodes: Strict Check mode: true","Tue Jun 03 19:05:42 GMT 2025","passed","Tue Jun 03 19:05:42 GMT 2025","","","",""
"","0","Check publish message containing long","Waku Relay, Publish","Tue Jun 03 19:01:56 GMT 2025","passed","Tue Jun 03 19:01:56 GMT 2025","","","",""
"","1","does not throw on valid cases","ensureValidContentTopic","Tue Jun 03 18:55:21 GMT 2025","passed","Tue Jun 03 18:55:21 GMT 2025","","","",""
"","1","Subscribe to topic containing JSON and receive message","Waku Filter Next: Subscribe: Multiple Service Nodes: Strict Check mode: true","Tue Jun 03 19:05:09 GMT 2025","passed","Tue Jun 03 19:05:09 GMT 2025","","","",""
"","0","Query Generator sorting by timestamp while page direction is true","Waku Store, sorting","Tue Jun 03 19:05:08 GMT 2025","passed","Tue Jun 03 19:05:08 GMT 2025","","","",""
"","0","udp ip6 address","Multiaddr from fields","Tue Jun 03 18:55:27 GMT 2025","passed","Tue Jun 03 18:55:27 GMT 2025","","","",""
"","0","Check message received after jswaku node is restarted","Waku Filter Next: FilterPush: Multiple Nodes: Strict Checking: true","Tue Jun 03 19:04:05 GMT 2025","passed","Tue Jun 03 19:04:05 GMT 2025","","","",""
"","0","should hash ""Lorem ipsum dolor sit amet"" with n=5 and maxValue=100 correctly","hashN","Tue Jun 03 18:56:15 GMT 2025","passed","Tue Jun 03 18:56:15 GMT 2025","","","",""
"","0","Check received message containing Chinese","Waku Filter V2: FilterPush: Multiple Nodes: Strict Checking: true","Tue Jun 03 19:03:29 GMT 2025","passed","Tue Jun 03 19:03:29 GMT 2025","","","",""
"","1","should return the correct m/n for k = 7, targetError = 0.01","Probabilities","Tue Jun 03 18:56:15 GMT 2025","passed","Tue Jun 03 18:56:15 GMT 2025","","","",""
"","2","returns all values when wanted number matches available values","Discovery","Tue Jun 03 18:55:43 GMT 2025","passed","Tue Jun 03 18:55:43 GMT 2025","","","",""
"","0","should be delivered immediately if received","MessageChannel","Tue Jun 03 18:56:16 GMT 2025","passed","Tue Jun 03 18:56:16 GMT 2025","","Ephemeral messages","",""
"","0","should hash ""hello"" with n=5 and maxValue=10000 correctly","hashN","Tue Jun 03 18:56:15 GMT 2025","passed","Tue Jun 03 18:56:15 GMT 2025","","","",""
"","0","Push message with short payload","Waku Light Push: Multiple Nodes: Strict Check: true","Tue Jun 03 19:08:54 GMT 2025","passed","Tue Jun 03 19:08:54 GMT 2025","","","",""
"","3","All","ENR Interop: ServiceNode","Tue Jun 03 18:56:37 GMT 2025","passed","Tue Jun 03 18:56:37 GMT 2025","","","",""
"","0","should return valid sharding parameters for static sharding","ensureShardingConfigured","Tue Jun 03 18:55:21 GMT 2025","passed","Tue Jun 03 18:55:21 GMT 2025","","","",""
"","1","Passing a valid cursor at 10 index when there are 40 messages","Waku Store, cursor","Tue Jun 03 19:04:20 GMT 2025","passed","Tue Jun 03 19:04:20 GMT 2025","","","",""
"","0","Subscribe to topic containing unicode special characters and receive message","Waku Filter V2: Subscribe: Multiple Service Nodes: Strict Check mode: false","Tue Jun 03 19:05:42 GMT 2025","passed","Tue Jun 03 19:05:42 GMT 2025","","","",""
"","0","Ordered callback, aborts when callback returns true","Waku Store, general","Tue Jun 03 19:05:02 GMT 2025","passed","Tue Jun 03 19:05:02 GMT 2025","","","",""
"","0","should throw error - no id","ENR","Tue Jun 03 18:55:28 GMT 2025","passed","Tue Jun 03 18:55:28 GMT 2025","","Txt codec","",""
"","3","3 nodes on /waku/2/rs/7/0 topic","Waku Relay (Autosharding), multiple pubsub topics","Tue Jun 03 19:01:48 GMT 2025","passed","Tue Jun 03 19:01:48 GMT 2025","","","",""
"","1","Subscribe to topic containing special chars and publish message","Waku Relay, Subscribe","Tue Jun 03 19:02:06 GMT 2025","passed","Tue Jun 03 19:02:06 GMT 2025","","","",""
"","0","should set field with all protocols disabled","ENR","Tue Jun 03 18:55:28 GMT 2025","passed","Tue Jun 03 18:55:28 GMT 2025","","waku2 key round trip","",""
"","1","should correctly map /app/20/sometopic/someencoding to shard index 7","contentTopicToShardIndex","Tue Jun 03 18:55:21 GMT 2025","passed","Tue Jun 03 18:55:21 GMT 2025","","","",""
"","1","should hash """" with n=1 and maxValue=100 correctly","hashN","Tue Jun 03 18:56:15 GMT 2025","passed","Tue Jun 03 18:56:15 GMT 2025","","","",""
"","0","can start the service","Peer Exchange","Tue Jun 03 19:00:35 GMT 2025","passed","Tue Jun 03 19:00:35 GMT 2025","interface-peer-discovery compliance tests","Compliance Test","",""
"","0","groups content topics by expected pubsub topic","contentTopicsByPubsubTopic","Tue Jun 03 18:55:21 GMT 2025","passed","Tue Jun 03 18:55:21 GMT 2025","","","",""
"","0","Relay - times out","Wait for remote peer","Tue Jun 03 19:05:25 GMT 2025","passed","Tue Jun 03 19:05:25 GMT 2025","","","",""
"","0","Subscribe to topic containing Russian and publish message","Waku Relay, Subscribe","Tue Jun 03 19:02:06 GMT 2025","passed","Tue Jun 03 19:02:06 GMT 2025","","","",""
"","0","Subscribe and receive ecies encrypted messages via lightPush","Waku Filter Next: Subscribe: Multiple Service Nodes: Strict Check mode: false","Tue Jun 03 19:05:09 GMT 2025","passed","Tue Jun 03 19:05:09 GMT 2025","","","",""
"","0","Push message with shell command payload","Waku Light Push: Multiple Nodes: Strict Check: false","Tue Jun 03 19:08:54 GMT 2025","passed","Tue Jun 03 19:08:54 GMT 2025","","","",""
"","0","Check message with no pubsub topic is not received","Waku Filter Next: FilterPush: Multiple Nodes: Strict Checking: false","Tue Jun 03 19:04:05 GMT 2025","passed","Tue Jun 03 19:04:05 GMT 2025","","","",""
"","0","isConnected should return true after first peer connects","Connection state","Tue Jun 03 18:56:51 GMT 2025","passed","Tue Jun 03 18:56:51 GMT 2025","","","",""
"","0","should throw an error for non-numeric shard: /waku/2/rs/1/!","pubsubTopicToSingleShardInfo with various invalid formats","Tue Jun 03 18:55:21 GMT 2025","passed","Tue Jun 03 18:55:21 GMT 2025","","","",""
"","1","Check publish message containing Basic HTML tag","Waku Relay, Publish","Tue Jun 03 19:01:56 GMT 2025","passed","Tue Jun 03 19:01:56 GMT 2025","","","",""
